19889.7 97442.1
-1819.1 83875.6
-1819.1 83875.6
-11175.9 79454.6
19889.7 97442.1
-11175.9 79454.6
-11175.9 79454.6
-18860.2 60749.8
-11175.9 79454.6
-32545.4 59891.4
-32545.4 59891.4
-18860.2 60749.8
19889.7 97442.1
19317.6 57879
-1819.1 83875.6
19317.6 57879
19889.7 97442.1
87493.2 57356.6
-18860.2 60749.8
-12693.5 47125.4
-11175.9 79454.6
19317.6 57879
-18860.2 60749.8
19317.6 57879
19889.7 97442.1
54227.1 43476.1
54227.1 43476.1
87493.2 57356.6
19317.6 57879
54227.1 43476.1
-12693.5 47125.4
19317.6 57879
54227.1 43476.1
56167.6 39562.8
-32545.4 59891.4
-12693.5 47125.4
56167.6 39562.8
87493.2 57356.6
87493.2 57356.6
92904.5 18743.8
56167.6 39562.8
92904.5 18743.8
-12693.5 47125.4
-27762.5 12933.2
-32545.4 59891.4
-27762.5 12933.2
-27762.5 12933.2
-27753.5 10825.1
19317.6 57879
56167.6 39562.8
-12693.5 47125.4
10925.2 -13419.2
10925.2 -13419.2
19317.6 57879
-27762.5 12933.2
10925.2 -13419.2
-27762.5 12933.2
-57491.7 -14147.4
-57491.7 -14147.4
-27753.5 10825.1
-27753.5 10825.1
10925.2 -13419.2
10925.2 -13419.2
56167.6 39562.8
-32545.4 59891.4
-57491.7 -14147.4
10925.2 -13419.2
5963 -24679.2
92904.5 18743.8
76228.1 -26443.7
56167.6 39562.8
76228.1 -26443.7
5963 -24679.2
-8405.1 -32633.8
-27753.5 10825.1
-32157.1 -32770.6
10925.2 -13419.2
-8405.1 -32633.8
-57491.7 -14147.4
-32157.1 -32770.6
-27753.5 10825.1
-8405.1 -32633.8
-32157.1 -32770.6
-8405.1 -32633.8
10925.2 -13419.2
76228.1 -26443.7
-57491.7 -14147.4
-86627 -44259.4
-32157.1 -32770.6
-41729.2 -44345.5
-57491.7 -14147.4
-41729.2 -44345.5
76228.1 -26443.7
54872.4 -47760.1
10925.2 -13419.2
54872.4 -47760.1
-86627 -44259.4
-86202.1 -54388
5963 -24679.2
54872.4 -47760.1
-86627 -44259.4
-41729.2 -44345.5
-86202.1 -54388
-41729.2 -44345.5
-32545.4 59891.4
-86627 -44259.4
-41729.2 -44345.5
-8405.1 -32633.8
-86202.1 -54388
-69793.8 -81759.6
-69793.8 -81759.6
-41729.2 -44345.5
54872.4 -47760.1
37710.9 -85350.8
-86202.1 -54388
-87716.3 -86146.9
-87716.3 -86146.9
-69793.8 -81759.6
5963 -24679.2
37710.9 -85350.8
54872.4 -47760.1
56798.4 -91087.7
37710.9 -85350.8
56798.4 -91087.7
-69793.8 -81759.6
-69047.2 -91840.1
-8405.1 -32633.8
37710.9 -85350.8
-87716.3 -86146.9
-69047.2 -91840.1
54872.4 -47760.1
84297.1 -97432.4
84297.1 -97432.4
76228.1 -26443.7
56798.4 -91087.7
84297.1 -97432.4
-87716.3 -86146.9
-91650.5 -98975.6
-91650.5 -98975.6
-69047.2 -91840.1
-69047.2 -91840.1
-41729.2 -44345.5
-41729.2 -44345.5
37710.9 -85350.8
-69047.2 -91840.1
37710.9 -85350.8
-86202.1 -54388
-91650.5 -98975.6
84297.1 -97432.4
92904.5 18743.8
-86627 -44259.4
-91650.5 -98975.6
-69047.2 -91840.1
56798.4 -91087.7
-91650.5 -98975.6
56798.4 -91087.7
-91650.5 -98975.6
84297.1 -97432.4
