6.217500e+03 1.155000e+02 1.955000e+02 7.531500e+03
300
6024 80
6411 151
6655 521
6783 1165
6943 1974
6469 2854
6351 2944
6751 3116
7262 2673
7321 2913
7419 3159
7656 3760
7714 3406
8237 2420
7267 1932
8028 1000
7629 780
7276 461
7114 438
6930 156
7029 81
7031 166
7526 324
7669 597
8121 786
8521 125
9140 1151
8278 1628
8440 2124
8905 1711
9698 1749
9757 1905
9802 1412
9887 2820
9717 2333
9597 2100
9054 2321
9262 2611
9075 3432
9527 3422
9462 3586
9944 3052
9750 5743
9420 4903
9205 5054
9071 4760
9381 4407
9234 4366
9346 4023
9016 3542
7940 3547
7695 3745
7732 4129
8825 4443
8748 5006
8325 4742
7519 4504
7537 4100
7135 4003
6563 4000
6051 3948
5992 4079
5613 4913
6062 4191
6765 4689
6733 4939
7291 4928
7637 5275
7651 5299
7932 5442
7630 5483
6847 5449
6625 5584
6215 5559
6668 6005
7452 5897
8399 6293
8413 5841
8681 5521
8413 6297
9706 5991
9053 6765
9553 6556
9425 7336
8924 7077
8833 7020
8761 7428
9001 7689
9038 7944
9100 8055
9858 7319
9720 9493
9718 8871
9604 8705
9386 8712
9290 9604
8921 8860
9011 8340
8383 7556
8504 7084
8219 7471
8172 7171
8292 6874
8162 6809
8076 6936
7549 6572
7149 6516
6599 6437
6204 6096
6197 6273
5704 5840
4994 6388
5428 6365
5541 6610
6348 6619
5907 7202
5790 7577
6013 7302
6459 6847
7308 6768
6831 7340
7053 7560
7384 6964
8068 7071
7866 7664
7336 7674
7226 7769
6732 7861
7252 8451
7942 8484
8725 8863
8227 8898
8485 9706
8051 8985
6745 9450
7602 9800
8611 9851
7155 9863
6396 9863
6563 9268
6466 9030
5946 9381
5852 9123
5822 9090
5813 9269
5737 9612
4972 8724
4928 9947
8898 9899
2266 9991
2235 9576
2723 9781
3404 9569
4559 8619
4102 8413
3163 8988
3685 8333
3719 7976
4277 7748
4393 8309
5042 8042
5395 7548
5151 7255
4915 6664
5063 7341
3902 7060
3713 7185
3276 7779
2457 8694
2480 9009
1893 9148
681 9856
655 9731
523 9803
231 9226
1116 8867
526 8192
233 7962
158 7101
702 7666
638 7998
1726 7980
2104 8354
2660 7739
2817 7519
2433 7093
1287 7654
1223 7215
1944 6597
2669 6602
3370 6576
3926 6489
4007 6411
3031 6218
3721 5487
4844 5348
4843 4219
4432 3890
3519 3751
4358 4203
3451 4432
3330 4831
3239 5451
3159 4821
2844 5664
2683 5943
2722 6104
2015 6382
2000 5992
2503 5793
1895 5879
1371 6006
478 6445
252 6525
590 6066
1372 5979
1719 5424
1283 5595
1333 5040
1201 4326
836 4681
1103 5194
1077 5391
394 5472
481 5305
61 4541
498 4508
311 4352
634 3869
235 3886
232 2934
438 3677
583 3650
986 3502
1342 4115
2023 4583
3012 3975
2053 3701
1857 3699
1854 3310
1038 3085
498 3161
344 2589
982 2927
1267 2486
1210 2497
1391 2086
1222 1970
881 1555
746 2105
174 1973
524 1435
408 1351
498 991
653 801
255 17
1671 590
1721 1216
1770 1279
1837 695
1945 31
2853 678
2709 855
2556 1188
2328 1360
2263 1826
2820 1307
3228 1785
2834 2479
3369 2045
3148 2592
2766 2814
2344 3436
2722 3139
3482 2697
3948 3093
3732 2368
3687 2002
4146 1947
4557 3136
4830 1714
4106 1242
3405 1391
3033 737
2918 557
5129 128
4798 880
4916 1034
5109 817
5227 834
5201 664
5492 389
5638 798
5644 1514
6155 1155
5993 1756
6186 1720
6359 1331
6224 917
5835 480
6024 80
