1000 3999 5039 4222
10
        6463        5852
        7546        7512
        6550        6990
        4983        5472
        1626        8909
        1189        9592
        2760        2550
        9597        1386
        7093        2238
        6797        5059
        6463        5852

350 250 50 200
28
0 0
100 0
100 300
110 300
130 300
140 300
160 300
170 300
190 300
200 300
200 0
500 0
500 400
400 400
400 300
350 300
350 200
400 200
400 180
400 150
400 120
400 100
380 97
350 68
320 97
300 100
300 400
0 400

50 300 650 300 
14
0 0
700 0
700 100
650 400
600 100
500 100
450 400
400 100
300 100
250 400
200 100
100 100
50 400
0 100


59598 -55109 -15363 35399
30
93719 -33067
11893 -2213
71050 26804
24863 15207
72509 78045
-13816 25028
86663 98236
-20212 80670
-26414 96930
-60601 90582
-60393 71270
-9537 -1602
-14811 -5899
-53374 9476
-97986 -26798
-38676 -30918
-79864 -74145
-31571 -58489
-67357 -75646
-36961 -75896
-23807 -67748
-12278 -44444
-11209 -67162
-43706 -87432
-28684 -85577
-3677 -90863
25492 -61437
58196 -39647
25040 -74853
89038 -78814


350 250 50 200
28
0 0
100 0
100 300
110 300
130 300
140 300
160 300
170 300
190 300
200 300
200 0
500 0
500 400
400 400
400 300
350 300
350 200
400 200
400 180
400 150
400 120
400 100
380 97
350 68
320 97
300 100
300 400
0 400