140
74
443
343
159
28
141
292
115
34
27
21
107
10
686
3
128
110
39
45
449
190
164
68
61
15
548
21
20
58
2
141
23
247
191
0
40
62
188
381
83
129
69
20
58
205
217
139
231
51
191
29
26
0
16
7
0
65
74
75
251
130
17
3
10
314
16
1
50
11
537
179
84
11
231
229
47
48
120
60
194
31
34
24
36
86
0
9
8
245
11
8
96
1
46
48
116
2
73
44
289
89
364
194
293
35
814
219
6
205
29
15
648
0
0
159
115
12
256
127
9
139
64
67
173
48
170
293
58
0
18
26
3
38
62
34
26
8
5
8
202
0
150
140
37
85
326
4
484
4
245
43
0
57
250
30
6
453
1
82
199
7
27
205
231
33
713
165
101
27
188
182
12
37
194
2
60
18
50
241
29
23
181
284
18
68
73
58
40
330
36
22
145
153
7
59
95
18
496
95
54
87
32
10
169
110
10
7
29
20
6
9
22
41
29
664
97
32
10
222
57
0
373
47
145
50
22
225
15
38
38
202
117
198
62
21
98
107
38
145
8
208
22
200
181
158
522
176
13
227
30
3
36
207
2
540
47
292
32
177
91
44
151
231
232
65
11
623
481
286
82
88
300
14
212
205
516
12
40
259
7
100
11
235
109
726
6
359
116
56
805
120
15
222
113
72
114
629
49
133
40
366
66
4
38
142
70
13
100
39
6
43
229
143
9
77
4
28
2
10
14
41
30
63
199
15
53
89
4
219
51
265
123
64
125
4
239
283
97
8
277
31
0
312
45
1
356
22
390
17
17
163
252
42
9
256
2
92
173
34
21
397
186
148
14
38
82
334
659
2
15
3
63
20
17
4
11
423
145
10
127
74
82
39
321
21
4
222
4
20
144
20
219
221
308
64
34
185
24
41
27
313
17
5
52
108
130
301
65
50
9
286
82
11
131
20
308
190
118
122
302
56
31
39
153
38
54
4
6
111
370
392
7
45
10
246
19
17
47
79
63
16
137
69
144
207
36
77
41
292
214
124
52
10
106
35
155
104
22
33
223
52
171
147
141
199
30
72
0
97
105
26
23
16
262
1
57
17
56
149
44
100
193
162
67
4
55
3
70
11
49
34
34
102
443
128
94
27
200
81
134
238
46
64
142
296
126
79
93
42
0
40
36
32
406
5
2
185
21
56
30
30
20
6
45
58
56
156
142
23
18
81
4
15
70
45
107
254
145
204
149
1
62
52
93
79
39
156
14
27
297
306
472
51
527
0
86
99
286
107
1
164
62
48
317
20
20
2
40
10
123
203
16
48
160
390
40
122
445
270
217
46
179
160
411
221
1
41
29
13
225
13
410
4
56
72
1
273
57
6
110
303
223
105
3
69
14
3
628
225
266
4
6
251
64
8
29
23
106
82
1
334
25
1
17
480
86
36
19
103
120
1
331
88
28
2
268
106
64
155
11
9
88
62
83
157
202
133
191
9
50
192
53
42
15
200
19
73
0
60
5
102
139
75
72
111
88
301
7
211
130
68
2
130
113
383
190
265
81
307
48
21
48
55
13
8
187
5
351
3
54
167
71
39
103
90
304
179
26
45
12
46
29
197
91
23
53
244
124
4
119
52
176
29
1
33
37
75
5
261
299
19
98
102
58
20
9
3
31
7
383
203
35
181
21
219
23
112
92
13
43
193
140
191
110
117
3
196
29
156
0
19
270
45
0
34
527
272
175
559
13
38
29
87
7
18
95
123
40
211
160
79
127
33
228
244
190
370
202
352
44
358
38
114
45
184
118
266
1
35
3
20
116
40
295
274
40
112
4
239
85
71
6
34
51
74
82
101
460
80
100
2
133
69
123
278
103
77
157
24
65
5
3
503
570
119
38
115
660
57
21
163
295
28
256
163
85
215
20
17
385
275
1
181
2
212
43
37
4
86
236
25
22
14
245
8
3
0
192
10
26
32
130
34
467
11
52
129
9
115
4
85
104
198
2
47
37
215
26
92
427
12
203
145
57
149
180
112
43
99
23
197
95
71
15
3
42
193
4
9
78
372
366
65
20
317
327
2
25
199
8
3
205
27
34
144
600
47
22
33
3
83
152
32
140
28
31
210
1
234
75
150
331
3
66
113
12
0
109
68
87
80
177
5
21
12
74
28
2
74
6
232
10
112
51
43
78
69
124
318
105
4
1
763
101
270
110
21
353
319
13
69
270
18
213
57
148
238
42
54
399
74
6
52
37
40
37
152
145
9
70
124
128
128
102
5
165
87
62
309
289
98
12
28
152
3
298
341
74
74
68
0
9
142
569
34
17
60
56
1
42
5
66
28
45
44
25
141
13
32
189
55
179
0
321
56
145
16
504
90
8
18
52
160
129
47
115
367
197
41
157
3
63
189
277
14
10
68
25
33
250
52
20
52
454
86
9
63
12
64
127
190
38
64
10
18
195
79
292
19
122
151
80
155
346
170
21
78
3
55
34
50
214
179
276
3
83
112
104
100
13
27
273
510
342
175
163
6
470
184
156
3
81
14
57
61
467
114
161
83
66
132
4
149
185
84
428
89
363
218
68
1
129
288
5
148
153
2
126
247
147
122
13
88
193
122
31
28
628
52
44
80
103
5
5
79
151
53
122
7
6
132
38
178
118
137
265
283
171
12
30
30
378
79
15
165
14
72
339
89
21
605
83
90
37
15
27
454
9
37
25
527
557
105
109
97
10
248
73
211
212
1
122
370
69
18
25
204
69
68
22
31
10
14
8
74
70
336
8
71
63
0
320
45
77
0
49
31
14
87
11
212
184
20
96
17
68
76
267
197
45
111
39
42
20
65
3
12
432
26
60
15
16
237
346
81
0
78
70
27
64
25
56
1
70
29
88
20
334
473
1
399
15
12
15
32
672
197
9
38
4
7
0
3
66
145
74
11
95
71
64
144
213
16
350
161
430
61
72
122
47
183
4
13
8
5
89
97
5
127
100
259
46
132
124
15
0
132
7
210
155
346
222
208
1
37
119
45
20
105
19
58
243
60
489
107
76
63
0
0
1
50
145
13
101
161
139
0
5
13
149
155
86
5
56
79
14
28
39
8
243
29
51
24
323
105
37
72
102
4
43
0
268
22
79
136
0
0
16
88
233
45
214
29
54
142
40
40
30
190
0
40
112
154
249
493
14
283
89
36
46
301
0
55
17
5
99
21
36
468
592
234
386
160
7
349
247
70
36
57
130
197
44
34
191
89
107
18
325
123
9
13
19
107
25
1
55
91
70
73
55
50
28
115
53
307
0
130
387
28
283
83
180
10
114
2
81
187
47
38
34
110
74
10
9
477
58
0
645
34
43
79
292
409
222
269
65
179
104
27
0
62
80
25
231
24
46
91
10
289
18
86
203
137
327
2
171
0
70
614
238
67
242
76
93
527
3
78
21
190
86
8
24
3
28
9
160
26
12
53
368
122
39
11
74
42
6
95
344
70
1
107
22
26
68
213
61
17
8
237
37
16
6
482
4
282
130
2
467
41
252
258
37
31
127
106
234
68
29
49
2
17
34
249
270
110
106
9
662
48
79
262
0
22
241
372
61
143
8
46
4
68
2
20
430
62
186
28
243
41
0
120
67
51
68
82
0
94
235
33
92
42
3
177
56
44
152
25
94
36
119
71
46
519
122
646
57
123
51
2
62
121
282
69
102
53
25
19
5
26
30
2
27
135
106
42
231
400
18
0
302
14
122
4
720
58
173
145
0
29
80
554
136
175
239
0
98
93
80
14
185
133
29
381
56
99
100
10
27
235
451
53
372
17
216
6
459
101
146
24
135
22
17
1
33
94
377
3
441
66
31
251
86
0
84
81
45
232
36
88
91
45
47
3
15
73
178
255
144
70
0
112
89
468
212
591
371
346
26
348
184
21
372
7
344
318
50
1
58
312
40
99
87
4
236
22
136
212
9
13
42
161
40
56
23
3
1
352
14
208
20
155
177
219
207
81
60
281
91
146
16
3
33
126
34
113
701
201
264
70
57
31
41
6
64
79
43
42
43
178
221
228
49
247
164
101
28
107
1
180
3
43
52
93
47
83
15
33
31
30
12
356
11
355
108
56
153
415
6
97
7
120
18
145
274
152
46
223
71
6
234
54
64
40
1
5
14
22
84
5
5
33
234
62
109
16
318
64
580
107
104
146
321
194
39
63
45
211
105
61
139
74
171
7
25
7
41
17
52
36
23
12
15
144
22
6
64
195
9
13
252
682
10
79
11
85
134
33
120
168
141
18
19
563
12
13
67
13
67
11
1
413
79
101
29
6
276
11
306
29
133
68
29
70
10
15
136
320
29
469
83
65
24
694
352
6
182
24
264
143
177
1
46
507
44
30
80
163
87
3
32
1
296
16
103
139
56
199
85
64
123
33
279
565
6
79
34
49
112
138
139
192
129
103
62
159
8
5
106
61
151
20
12
8
6
4
255
116
78
189
13
122
210
158
215
34
77
57
30
147
16
12
435
348
476
31
3
36
188
10
361
580
158
3
68
132
6
53
115
60
