1000 2000
62945 26238
81159 -28985
-74603 99401
82676 -55166
26472 30490
-80492 20998
-44301 -22551
9376 -71563
91502 -94973
92978 -15778
-68478 -63180
94119 45155
91434 -25928
-2925 68312
60056 46846
-71623 14205
-15648 -64629
83148 91477
58442 -46936
91899 84917
31148 -55246
-92858 -25287
69826 -82500
86799 28023
35747 -63877
51548 -90990
48627 44635
-21555 -30513
31096 32124
-65763 -23226
41209 25469
-93634 -95671
-44616 82114
-90766 60112
-80574 49170
64692 62623
38966 -23339
-36580 23456
90045 15099
-93111 6010
-12251 -44986
-23688 -50274
53104 -9672
59040 -54458
-62626 60890
-2047 97221
-10883 -94002
29263 7133
41873 -82585
50938 60419
-44795 97829
35941 -86611
31020 87880
-67478 -96365
-76201 36768
-327 56748
91949 6828
-31923 77072
17054 79801
-55238 25188
50254 -72427
-48981 -56440
1191 -63572
39816 -91636
78181 -78612
91859 23289
9443 87933
-72275 -29109
-70142 -17874
-48499 96870
68144 89116
-49144 35329
62857 97661
-51295 53367
85853 -32660
-30003 32477
-60681 -51167
-49783 -40899
23209 36036
-5342 5569
-29668 -17681
66166 20528
17053 50104
9945 16707
83439 10359
-42832 16714
51440 2364
50746 -83482
-23911 43914
13564 99232
-84830 -29093
-89210 94252
6160 -30710
55834 77309
86803 -9061
-74019 -17315
13765 -56454
-6122 -74869
-97620 -38217
-32576 45221
-67564 56575
58857 38758
-37757 -98040
5707 68643
-66871 84467
20396 54191
-47406 -91468
30816 -24363
37843 40868
49631 45903
-9892 -55145
-83236 -46189
-54205 34606
82668 -4502
-69525 24743
65164 -52711
7669 -64576
99227 65929
-84365 53385
-11464 86896
-78670 -78423
92380 -63555
-99074 -80181
54982 -2047
63461 -61351
73739 79179
-83113 -80182
-20044 -91167
-48026 11459
60014 54499
-13717 -37612
82130 -64204
-63631 -32209
-47240 -57971
-70893 2031
-72787 81273
73859 25785
15941 -79694
9972 -21829
-71009 -89077
70607 257
24411 -13656
-29810 99513
2650 62321
-19638 -2870
-84807 78890
-52017 -72491
-75337 -21999
-63219 85472
-52010 83499
-16547 42715
-90070 23668
80544 -31343
88958 87206
-1827 -75046
-2149 46117
-32456 29296
80011 66631
-26151 -20344
-77760 49965
56051 67044
-22052 -35508
-51662 10452
-19218 95826
-80709 9862
-73606 -33915
88411 23894
91227 -27873
15042 51302
-88045 -17220
-53044 -1531
-29368 38949
64239 94547
-96920 -34449
-91396 67561
-66202 47815
29823 90835
46345 -93616
29549 -28626
-9815 32531
9402 -43700
-40736 -53924
48939 42226
-62209 24915
37355 18122
-63298 32088
-26303 -90490
25124 -30243
56046 -9732
-83775 -51819
85878 43009
55143 71237
-2642 -43699
-12828 46210
-10643 -72448
-38730 67345
1702 -72280
2154 17642
63526 -26769
58967 61352
28864 756
-24278 -2081
62316 75410
6565 -29372
-29855 -10111
87801 92707
75189 -91541
10031 94592
24495 -62159
17409 33424
-58452 17288
-39751 35023
-5815 -27796
-53903 24056
68862 62230
-61047 -96149
-54816 -83226
-65859 94961
-54467 30270
-12860 -53753
-37780 -19302
84676 -75596
-13959 -46312
-63037 -48431
80977 -33667
95950 -69554
-12226 -30399
-77777 -75669
-48387 76831
-18256 -81145
18979 86009
-47558 -20196
20569 -90520
42243 -31525
-55651 47193
-76517 58937
-40665 8981
-36245 37245
-15167 78727
1572 -89042
-82897 -39268
-47504 -90762
60203 -60905
-94156 44033
85771 44351
46066 75560
-2278 16487
15705 -85864
-52544 84549
-8230 60075
92618 -42811
9361 8733
4227 96956
-53681 43136
-2220 67794
24812 -13348
35827 -5875
-20897 12143
-26513 -46182
97597 49804
-92453 778
77034 29362
82658 -38451
59237 -72255
-80258 -4885
-47626 -27508
-32929 57623
35946 56059
-72690 33703
44246 -73300
-78648 -95689
30752 11968
-1165 -39836
55811 87882
43008 96181
80745 -42676
78185 60164
-33168 79223
39749 19505
-60438 76804
-93892 88747
48815 9832
4 45678
-4016 15352
80945 -94829
21973 -10694
23533 29261
71889 4241
61098 -25538
15344 87427
-63416 65907
-52014 69817
77303 -25493
-94266 18637
-2020 74511
-66415 86701
95737 33693
42539 -58645
94 30770
-5782 -85590
-88077 -18655
36395 33386
-91514 86746
-85711 62190
4330 -3090
-80654 51350
63630 -16591
63510 94358
44488 97595
-70027 72830
31921 -22223
3719 -9052
94595 -50663
29798 56885
60066 76568
-9241 82743
-13522 11657
65063 19774
-83306 -70225
-73366 79943
-65323 -9921
-21813 -58866
66276 79931
60673 52517
-87906 76498
-20149 -43010
5375 34645
-16640 32856
31372 -75437
25595 -18536
-41603 -44943
-13670 43334
-96903 -43323
96813 79240
-66567 65316
-78757 -21995
-25518 -419
-60377 38961
-2062 66874
-32101 21926
90327 14948
84067 -34792
-89465 -8715
47572 42759
-46176 76881
-15433 44171
9574 -96278
88548 34955
-16451 -12298
96611 -12436
-39709 -76593
40220 62937
33268 -35029
7825 -50755
39621 -31458
33306 -24862
-64374 9311
-74397 12384
99817 -20836
-65776 -20374
-93480 3073
12240 31506
76374 90183
33835 44470
-61914 -19984
-26217 66375
-7855 -73133
96328 -87907
-68719 -83151
71105 -67221
28953 -35156
-24746 -39655
-61816 -97664
-14349 7981
-3596 -80926
-75878 -70697
17902 26228
-54763 71864
-23076 94845
16597 14168
-49639 99371
-41912 10708
23418 3092
-46944 -33864
64876 -14000
96533 -1639
46050 -85793
-31225 77548
16814 -87074
-78447 -12763
81262 65326
75931 -21093
63552 22695
-47855 63728
18871 77247
-95498 86223
-14948 -61843
-37456 -48284
-67703 79574
-64247 18672
-15423 768
-81155 22562
19705 63885
-5815 6378
39190 -59585
39978 -9221
27706 -14418
-93280 93211
-86239 24011
-36080 39078
6173 44033
30889 -30621
-18476 3398
63997 11339
43672 -68701
93730 12411
6267 38961
-34971 -14709
-78875 67254
22192 46278
55761 -27994
-15309 -9158
-81836 -22722
-46706 55111
-69269 46854
-43799 -13945
-11983 38751
5429 89043
-8515 56847
75075 41115
3610 -78134
88725 -22014
27542 18181
91539 -8124
-51859 -89932
35225 -54263
-42187 66838
34362 -96872
39028 72743
-86402 -84387
-49042 33809
-55192 42
33567 -56402
68879 14323
-31108 -75563
56104 34233
35067 19917
-98657 -88805
20434 -88732
-22646 -69500
83199 -96076
-99770 -12965
-7510 66445
-15130 23478
-7817 4026
54032 72774
-35506 -80461
56948 81611
-5729 -78397
-92848 3399
-64825 -71369
44352 11874
-5303 -99085
-69456 53337
-31775 69742
21478 83365
-61651 97394
47686 1027
-51430 -45716
83485 -79850
-46188 1570
53100 17122
-62268 52578
-42501 -83408
-81778 32319
15242 3396
36673 -65791
9319 87712
-14854 18097
28889 -11873
29524 88384
35804 31183
27157 -9611
89035 67940
-58213 6525
41857 10777
-52754 36013
-76121 -26562
21461 -52142
-9973 15785
-8255 73378
32389 -18645
54057 -77477
-29957 -11231
32402 -39963
-16768 -19723
68386 66673
66584 -19274
-48712 -21965
22692 -27910
16450 -71949
8148 -47974
73989 -82637
-47044 -14121
-36385 -48544
-76157 -40489
87966 -15028
29111 -76159
-4107 -987
27864 41282
8943 -51286
29462 57014
8777 -85183
44210 -21223
4499 -99322
98741 -55865
-56265 -99740
-78841 -62164
-78061 -71504
-87282 -46385
-19084 -65022
-10325 -72271
-26837 19777
52701 80212
25579 87876
54396 -55763
86571 -3466
94549 -24798
-61595 4756
-72226 -47026
39253 -86329
-81236 -12735
5081 -65230
6069 -94779
72228 90936
-3029 -13881
-21309 92312
34286 52483
48252 -98531
4011 36008
-30458 41190
-70001 29026
17218 10462
-47571 -56379
-91110 54474
50987 -54395
-51443 -25827
-11520 78186
37559 71276
-28154 -19513
47268 -36396
-21059 21727
36683 82039
40810 81820
-11539 18319
-96085 -33486
-33829 70613
-15138 -11520
-45946 80871
-60590 -93365
64345 6485
-14016 43300
77555 -64140
-21764 -32694
53823 -62458
-20642 -35615
61703 -19229
51016 9713
-24521 -90253
-56797 10546
58082 -45038
89861 -51700
-34487 -51371
34253 -69168
-12271 91284
66700 87133
53771 63743
-66550 45653
72396 -64838
97975 -27926
2885 -62242
76857 -99761
17605 -36716
-69050 39924
-60028 25051
-18609 8612
49741 -12193
65117 -42515
57993 332
-36295 52309
6813 52482
-82010 15211
-77659 49533
-72742 29107
35731 -75356
-965 880
-62058 -30548
-999 -81571
-70479 -70430
-89006 -60366
70143 34454
12112 -13698
85922 38881
39334 -48643
16558 -98049
63080 6457
75803 -44122
97783 89246
-99896 81289
73088 -21463
22513 -95029
97991 34288
5536 67434
-4095 94300
60270 -88614
-54432 -9935
-381 16494
80171 37328
14932 43887
69036 30008
47728 45383
17197 -25231
-50653 16316
33283 -76777
-83304 -88470
25192 95954
32189 -43035
45951 18995
78151 92433
96461 -62845
53806 -61392
16289 -31671
85663 86580
16018 -21867
-96604 -45357
-75828 -69611
72543 -20578
-3141 -25056
68971 -73777
-58119 -12992
10458 -81698
25977 22926
-93602 -97805
22943 14652
-27518 57946
-90094 -52927
-2086 -10396
-61498 13872
-75384 -87720
-58901 -742
-70697 28463
-62186 -55747
-91470 67412
27040 94216
-43627 69275
7719 1200
39033 -44225
-177 49324
7160 -52614
-10963 91470
-75214 24052
-1929 20053
70600 -65479
74786 -81931
-45941 -48948
-58308 71714
12996 82214
28063 39927
-16594 45037
-58805 -54023
89587 15211
-83586 62126
-78859 -19231
-71592 97688
-66708 -82001
24192 -35812
14742 2282
-89585 -87879
86241 45138
45733 11311
47569 5872
-87320 65997
72088 71752
86881 57806
96880 -36434
71788 -9559
57112 50446
2675 -78028
-64480 -78052
-20282 -46023
-73214 4927
-93823 94531
87829 42082
-39739 -37628
-40893 -41709
-33413 70072
-6586 82330
29640 27855
-94955 -48926
68442 -82267
11807 67651
70820 16944
-30424 89622
-10795 -87795
-89153 16928
-64579 -42979
32562 65547
-33834 -61803
79698 -11494
-76369 -21318
97684 65315
7996 35374
41384 -58480
99899 -36379
-42430 -73238
-17096 34293
-7032 14198
52792 -66047
63641 -70469
-79956 -4784
-64377 81621
-28073 10435
-88660 -93412
4377 -89228
-32830 61013
-64867 -9725
-58211 -23471
81031 57929
35078 -27143
-6306 6470
82427 42332
-79198 74296
49109 -34262
47254 30024
12372 94968
-63161 -84807
19442 17404
-40013 -17223
-73176 -38173
-57480 -47233
78989 51754
-85710 99044
-51503 -62686
-89250 56229
-11656 -60841
-97344 98472
79439 60453
-60669 -15155
-81326 45773
-38527 -329
-8789 61798
-79667 -28698
99078 -85352
-33582 18198
-40531 82038
-87591 -61247
-40351 -13527
-90730 49832
1086 -92164
52285 89265
26214 52735
-82022 11764
-83828 -63232
55448 -410
81027 3569
6754 98849
-78170 70971
65162 92481
-32381 35788
-41206 -19300
49263 86996
-97933 -4103
-90311 -53642
33583 -20742
20694 41016
5221 11712
45942 51326
41451 99097
56276 92487
-42405 7013
38507 92774
11334 -76875
-20696 -89711
-87682 -39130
56035 16038
-32483 6193
21573 80242
48251 8110
-79038 -13604
-74423 8533
9908 42483
-2954 -96666
78096 60184
59792 -71498
46868 -4305
-89734 -48633
-85423 -26182
-82295 32353
59670 -66079
88602 -44243
36743 -60356
-73584 -60986
44545 -34632
-77930 76068
-76502 -5780
28144 -19206
-34237 -64154
30763 93785
49827 -18509
16637 68898
48007 23065
-53035 -24678
46992 75437
94120 56971
73386 -7009
-82754 62796
-26713 79689
-26160 -14152
37006 -33134
19588 19330
57873 80399
-26470 40413
-58795 -24509
-82667 46991
54387 90821
-58865 8563
-22346 8021
10356 -37778
-54210 -85754
28388 -63604
-3104 -81403
-69631 -7302
56387 -98134
-79879 83006
-41187 28548
-52526 -99717
6174 -93923
-81701 -58306
-18937 -9007
-79031 -74547
-77544 -98271
56886 45416
-41686 -29177
20707 56089
92885 -12669
-13503 -12689
38951 -90158
51620 -90074
-13472 -81780
31100 18808
-78049 -51783
86752 68274
-62508 71443
-46764 92723
59566 -2220
-2479 -55938
53792 -54759
-20799 7358
-45412 52422
-92554 -30487
34659 -7754
-14087 27865
-9652 83468
21972 -67686
-88120 43127
-36838 15548
54545 -13340
39287 76849
-74934 -21390
-73970 -64205
-81530 26667
-98436 24800
-15378 -34412
31115 60593
44585 99896
6242 96196
-78237 -74593
26353 -53552
-74700 -95274
-73140 21487
-80282 -77839
-71595 -18508
-66350 76816
-60751 9627
-36504 -26200
-36714 -58331
-56488 -11811
-49792 91240
78585 -75195
40645 -5847
11148 71380
-63114 -91322
-57594 38325
-84531 95798
82760 -43347
41343 -73244
11558 37056
-37314 81891
-66760 22174
24500 79997
97587 -61314
-65914 50885
-48442 -30748
-20640 -16275
-85201 -68856
36819 63800
-19522 24985
96568 47712
-19563 61023
24135 -86556
-69126 90159
-23731 -485
-67774 51029
51623 48481
74223 66226
-29845 -68700
37107 -8538
-41170 23620
6126 86437
66485 67018
19498 79085
-32938 16504
-40155 16549
-9482 70986
-15471 -93027
-28079 77084
11664 -18454
48509 -92724
-15133 49230
-14129 -69035
-75026 -71219
-95114 21192
-41963 -49104
-36496 -35169
30738 -19642
91388 -18725
87147 -22762
-8423 21960
-51905 -66622
52780 -62382
51866 -81075
48130 -35363
48738 53920
-78816 -53177
36312 48073
-7348 38564
-57568 64816
-80297 65596
64715 -41327
-64998 -38126
-67286 4606
33198 -34940
78878 66369
3312 62059
40541 11400
-69282 -47407
90692 36113
8177 -53270
35947 -8715
-92688 -23087
61841 7720
49724 98341
-75963 51044
5009 96091
-34833 -53044
9290 5712
-20224 -89713
-16981 51375
-63853 20396
-48923 71434
-95893 97656
84736 85897
30740 -18097
86523 -99932
-67298 8176
84220 -58454
58932 -56144
15479 -34839
-11993 -80811
-48477 49507
50390 49702
-54266 8660
-87163 -32374
53466 66467
34241 10514
43043 91509
28412 78567
-16190 -28699
-21848 9280
63228 -30664
-36515 24561
62908 59325
57815 49175
70453 -74893
1127 64479
27132 -94970
90179 -17114
-11207 46282
-87997 56275
73350 -26543
-53549 -14588 48974 35825
47967 -2899 78454 91075
-51480 -93057 77799 44850
-74081 -77112 71962 16178
-54987 -84675 19412 8052
-29997 21565 30951 41088
-42583 -98995 83003 -53307
-13363 -71598 85498 56503
-89738 6035 -42048 85372
18533 -98341 26377 86061
-67421 23381 -40916 64926
24406 37979 67681 53467
-90494 -53115 -66488 99428
440 -58632 98922 -54470
-58647 -92527 99866 83909
-28919 28400 21473 32673
-90585 -78936 -30474 1451
-57268 -46368 43548 -2840
-94402 52769 -20432 72339
-86632 61102 -33267 93103
-54080 -79150 85413 51938
-82446 -50664 87224 -6048
-33520 -56188 36638 35254
5236 51861 92423 84542
-50672 -35936 -12405 17238
8580 64488 88068 71509
-98834 -48031 56174 85367
4376 27514 22062 75613
60215 -96213 86390 -62347
-70578 -63132 -53404 51839
-16647 -94652 86494 -93663
-43942 28468 52653 87000
19620 -3107 65290 13374
-92705 -24718 14693 58957
-87263 -57491 58517 -8633
-35424 -1158 -34192 58432
-80325 -70912 -55308 -14857
-65991 -2172 -37523 78355
-25767 -97431 16905 74857
-92048 -62678 65983 26630
-41908 -41544 41848 -2954
-19489 -41665 28268 67646
-65188 -71789 72412 -50900
-87570 40870 22948 46444
-18668 38214 98238 54923
-59261 -93102 -7387 64531
-59465 -2229 65442 61238
35172 -49246 73910 94279
-50210 -77510 19588 60100
-95398 25942 -4843 48643
-20185 -53700 79886 27708
-9411 -23785 19888 18837
-88395 -9360 60105 -275
-78987 112 -78747 13571
64289 -14699 99686 8114
68218 -84753 73266 -30971
-29099 -41883 23041 -41714
-94612 12267 -13986 40706
-35496 26667 14448 86816
-7245 18835 40165 86156
-80197 18618 48494 95554
14198 -81281 51577 47746
-34825 -25471 -22174 32347
-14140 -9346 -9902 20555
15569 -5236 91269 1875
-85032 -28749 14594 85743
-88532 -9842 69945 -4884
-44731 27487 -39809 34205
4344 -8127 24465 91929
12376 -82184 17672 10755
-51689 -91754 92694 59549
-82820 18155 82544 60441
100 34302 65147 82440
-11091 -79775 4318 -59935
-81967 -97083 96413 -41341
15654 -89683 80934 52633
-53116 826 76878 13502
-12202 30843 62118 53675
-9745 -43403 56345 26948
-70307 -54928 -50006 46866
23963 -33742 91088 77466
-71470 -9350 -47876 33182
-10869 -75865 2513 47477
68800 1977 94385 42747
-60759 -23497 29664 -10555
-39230 28197 22934 81097
-6070 29779 -3341 93052
-32438 25654 15556 35675
59697 -88235 82263 -73594
-24756 -55210 97498 23660
-68191 -66404 -54247 -23396
-52624 85706 -15295 98239
-45281 -42635 40448 3046
-24906 34673 -11087 41238
25503 7041 94741 33560
6928 -83708 94462 -61358
-22912 -54986 28740 37887
72020 -89909 74690 -43162
-39930 -63113 -19623 82753
-19994 -90869 26386 -54180
3545 -50276 97048 77009
-87635 35258 11896 67959
-53727 -76369 86719 29698
-76303 -17917 44069 40736
-80244 -75955 -3192 67421
27806 14419 78055 45459
-93323 -96114 77528 89878
-60253 -48723 67807 16749
-20927 84176 1453 97974
-77257 -81665 98436 -30039
-19530 -58296 -1911 10912
19888 33166 31771 86161
-81957 -60110 80270 94669
95645 5064 99077 24540
30604 -87293 30633 -74653
-78313 -25298 -7774 49746
-92778 -66750 72752 -37066
-47434 -62565 23618 -53745
13429 -89559 64793 96080
-34205 42566 92393 80352
49221 58659 88261 65130
-51179 -25397 32503 36644
4663 37881 91422 66411
-48021 6175 2165 50767
12916 -62230 92399 24373
8041 -21181 98744 -1397
-93946 -28145 54197 11908
-37240 -82230 39263 65656
-88426 -59427 3943 -31665
-91186 5549 -88194 9734
62589 -7891 78008 61563
-33960 -28979 -17585 29091
-54060 2704 -23167 9551
-77211 43488 4625 62886
-37816 -80564 78430 -59498
-54314 -7257 -18816 28752
20878 -99983 30400 17964
-86768 -62566 -81040 2635
-44914 13966 -32804 22266
-71032 -98593 -43636 -89612
-51024 15145 76014 78495
-24206 66639 -11134 68469
-45936 -55 51183 55033
-56880 -12195 20659 57627
26746 -70189 56653 -25274
-77214 -94345 59943 -69538
-58297 -29548 95713 51334
69720 29020 79252 59222
-89871 -41289 49142 86388
-6760 -81336 7277 -76959
-34870 -24982 93994 47756
12977 -88947 26041 65779
-56462 51432 -53940 68356
15977 -7302 71553 33048
20631 -91000 72400 92028
-37340 68406 19976 88624
-34603 -77460 -10314 -67058
-92916 -76986 68003 29658
-1493 -45688 2763 -3839
-89620 -86696 -18454 -37123
-78391 21218 55604 79555
-14666 -554 -8025 35494
-44008 54261 -9823 97529
-33299 -87928 10228 98653
-26612 -47509 61081 51508
40170 -44988 58959 30214
-92262 -73280 74447 90803
-89562 -17784 45334 27709
-56064 -56676 74537 -23011
-42837 25826 -8072 53140
31370 -97027 91707 30583
-53623 -91340 58009 -23702
-9625 -63948 24391 -39996
-84976 -59907 -33315 -31972
-88181 43872 93352 83786
21994 -11427 48181 -8747
-23257 -11501 1359 69099
-93887 -22042 -60015 -9163
-14561 67511 71513 89057
-66262 -56176 20709 49684
50339 16772 69568 76481
-26330 -96025 923 -67886
-98418 -31647 88364 5768
-96566 -7466 83815 53206
-17859 -31439 65812 -24091
25318 -81354 46473 23761
-69779 -48171 7749 -9396
30102 -97968 63047 -32833
45326 -24978 81921 19816
-81103 -70748 55589 20314
51425 -36646 75515 29884
-97128 -43755 -18961 -31456
-41140 -1340 40380 64025
-64017 -31582 13092 40355
16947 74401 85259 77561
-86364 -88989 -31017 -46394
16219 -80328 40847 55087
-67828 21842 27430 29957
-99698 -96407 30254 52814
12400 40302 72925 97592
-88810 -96850 9297 -74935
10166 -27105 63371 36779
5785 35246 38908 75581
38870 -24848 85499 -13639
-57519 26269 88843 72692
8656 -41605 80653 17208
20821 -73305 40504 -54518
85242 34530 91287 56931
-76611 -59483 -11092 -42473
-82921 73703 -31840 84876
-92654 -40305 -88532 50232
7674 -16124 25890 7261
47446 -99954 59236 -33271
-63756 -70108 38238 -52541
-30939 -45233 -14751 9048
-80367 -78463 89364 74485
-39356 -72569 4038 20250
56025 -81115 90763 -35762
-85281 -43142 7392 -37823
-58594 -12937 53815 62528
27789 2712 55006 80752
78630 73296 82838 85022
-87862 1058 56510 96098
-64846 -34670 -40893 25516
-69631 -56077 -16734 43853
47959 -95218 69582 3645
56971 -29399 78591 14987
-94830 -90694 -45834 71896
-72488 -47996 -54438 -15494
-35796 -6453 -15183 68745
52914 -95475 65913 16560
4887 -86986 64437 43881
14137 -31295 50897 84792
-66041 -98146 14366 6829
-42797 -61511 34546 -26641
23731 -27211 39827 1478
-98631 -95152 59252 -69726
-11682 -70079 48045 10008
-10757 -44763 98348 -29840
-74364 -32807 -6868 39248
-44192 56806 -27884 76271
-61786 -95064 35075 -2652
42880 -31759 80733 -7040
-64427 -73750 81706 -15719
49440 -83998 97370 77279
-96601 -84130 -47898 34912
-92041 -85525 37928 67032
-73634 31298 60866 80069
-75300 93862 71959 96784
-61820 -21739 13251 95958
-70854 -49970 50823 -37283
3903 10663 17009 24914
-85328 45649 17181 58410
-61854 -366 64466 59663
688 69966 44581 72652
-89818 -61817 85172 59593
-88781 -98725 -1472 -75172
-32961 -99442 30977 83981
26181 -96408 78025 -69410
7705 -94117 78396 6832
-43559 2127 34679 42291
37054 -22957 95192 7683
-92715 -37881 39149 4918
-34751 -99289 59967 448
32121 -86866 94603 63049
-26994 -53992 3987 27684
-38170 -76592 -33653 -10332
-75818 -51183 86835 97955
-50705 -85897 83154 60677
-72905 -87996 2241 64795
-33577 32316 48064 70438
-49167 -31189 79496 -6550
-70 -74298 69117 94140
7631 27427 23058 68249
16627 -84291 82028 49298
-29859 -52480 39651 61054
-94134 -46195 87065 63514
5577 -18834 85544 -13204
-93586 -19639 17540 -6738
-79648 21629 65429 90308
-32003 54018 -26625 93002
-44831 53057 69343 88225
-50786 -73707 -46781 14907
-54693 -48856 16298 83185
-99736 -24338 87536 -914
-90443 -66798 78602 98748
-89205 -34801 -9301 -31810
-95877 -40713 15684 79911
-36879 -52504 36296 11660
19726 -86505 98804 -56000
-77194 -86205 96779 98216
59249 -66643 92910 90221
23570 27643 33253 89488
-85958 826 45232 62218
-86145 -28376 -33192 42091
-72799 53691 4555 94050
-45329 56873 57779 99686
-81521 -94217 43676 97491
-52427 -89512 55604 -69983
-83788 -35316 -51271 91696
-79036 6092 -55684 59938
-59208 -85183 71671 26046
24820 -37636 39640 96560
45041 -68350 46749 79035
30106 23335 66873 66954
-96221 -99531 3254 -38257
-59577 -82985 -34723 28042
-6181 60637 32355 75366
-76487 -50974 -24321 18140
-70437 -87176 -31921 -39376
-96048 -66386 -87230 -47371
52267 -79456 92859 -32025
-19468 -86511 94075 -3256
-75228 -16223 34858 30698
-6518 -51143 10215 -23742
-89709 51584 31339 77353
-41963 -40197 -38501 -15889
50908 -43231 93089 -16237
11624 -90364 86295 -88834
-24395 -93829 -14442 -56167
-46561 -62684 23534 -52165
12507 -94149 50747 -45819
66112 -86752 79676 40462
45689 -98473 91540 -33301
-84899 -90019 -18634 22184
77605 -79739 87664 -18382
-48915 -85626 12490 -50211
-61129 30492 6633 80903
-55710 -37641 90951 -35945
-46451 -79266 41153 18354
-49983 -24475 19352 7113
17259 -67026 85535 90313
-86284 48479 93699 76688
-40120 33292 16349 77419
-80040 19779 18317 69549
-66680 37926 -59340 52532
-79582 -21777 27177 61403
-70751 -55346 59674 26591
340 -73748 34313 42086
27971 -65505 30163 37733
-25513 -35811 59191 87720
-67426 -93104 -53326 6330
-22096 74639 20168 75912
-77508 -89093 59996 4466
-20041 80 3153 61650
51024 -13447 67568 -10484
-40958 -30692 84158 80857
-354 26037 28001 51430
-44478 -27958 77024 96608
-58072 11321 30504 17040
-3929 68128 83460 77745
-77403 -6237 1968 68033
-73526 -51195 94839 9045
-87200 -64179 -60545 -12876
-84141 26892 -77763 65711
-40529 -69460 25391 92592
-20716 6803 -17733 51591
-15849 -4077 27718 75302
-37705 425 71312 58734
38769 -81458 52715 14053
-81626 70297 95233 76160
-19582 -99226 56308 96929
-40964 2306 87117 58043
-38701 -29864 47831 35693
-78888 381 -49276 13150
18766 -48958 43850 -4308
-43455 -35898 38703 1974
-68956 -84276 54664 20316
-99869 -88821 49444 82631
-43281 26998 -36323 36504
2086 23381 10162 89347
54614 -83706 74181 -80183
-91550 2206 14563 21904
80945 -77975 90771 8934
-73806 9052 -65686 71185
66746 28538 81447 37757
50444 -70517 60094 -45674
-42765 -78650 83576 55512
-72540 -87898 25482 -20190
-7434 24377 946 79660
-74113 -38591 -19008 39814
-65286 -87790 9877 -45012
15037 -56106 93902 -15606
-11572 -83434 21244 -26836
-57111 -83569 18193 90080
-77806 -96726 3986 -86046
-60030 -77067 97838 -75822
-67408 -97518 -2017 35571
-92625 -56755 38975 -56213
-45455 -97715 -17716 -52544
-93045 -98274 -53974 28490
-41434 3398 -28291 45422
-73132 -50892 60289 12207
-30700 -61251 99719 10395
-83337 -81826 2704 48451
-22431 -26312 2221 64927
-50030 -98442 -26633 -21321
-27050 -72812 47896 20540
-20189 -60852 4948 -4229
60904 -38377 85261 44060
-905 33927 63383 48889
-62106 -88031 21838 67870
-99039 -47514 -75262 -23145
17546 -1753 64200 2848
27580 -10645 55493 54833
-96777 -70438 31437 -31758
5663 -2893 79191 67829
3075 -85633 65155 96499
8904 25293 92487 57489
-37253 -63745 21289 -21254
52088 -75397 59417 -52768
-42965 -83887 71070 15994
-97022 -84199 -23426 -34293
-83071 -46363 -81170 85486
-34256 -59057 46775 10048
-38887 -63897 -33602 91317
-96396 -32052 67950 35699
-67559 -88863 -25655 91994
-11202 -93189 65643 -31371
-64697 -87316 53354 -42697
-74096 -84522 36251 22495
42908 11123 75977 80115
-91185 69322 -8044 81290
37344 -59755 83854 -20860
46755 -66157 97789 57539
-12566 -30456 86521 -13910
-24032 -16756 -7695 94431
80985 45753 95932 67211
-22710 -18705 -20201 42361
-11963 -57020 20603 90362
-68639 -96911 12064 82397
-34793 -57992 69168 90283
-43039 -30800 -37188 7294
32664 -78309 78901 -41951
-50595 70753 20452 77341
-37864 -57994 31293 82171
-38013 -73825 -18226 -33255
-33671 -6171 41602 4103
-71273 -99421 -62361 81093
-79864 -37819 74265 -19494
-83369 -56848 -42687 -2956
-29035 -84253 -7652 -47567
-93923 36623 7152 86612
50640 20574 98167 82238
-94365 -24502 40009 14100
-57098 -46945 41907 32986
35981 58438 81032 85695
11459 -87151 73166 -33302
-76167 25260 70136 38532
11713 -59237 91055 89656
-11820 3279 80355 91743
-16097 42367 75152 91341
-28374 -66619 72991 -45596
-28970 -11445 -2203 5398
-48808 26599 26229 82239
72910 -57063 85834 85994
-95802 5866 -6649 65357
-84636 -72335 -49199 25295
-24657 -12450 -13756 36164
-70162 75057 40506 84640
-93181 -69434 -19534 40863
-63632 -18856 56450 -596
-34551 -37505 71251 21919
16840 -84435 63496 38780
-65277 -51714 -25284 78138
-55661 -94844 35224 -1866
-56201 61165 75120 69296
4447 -97028 51431 -34712
-54075 9976 -13316 10083
-28211 -76066 48261 -22243
-85911 17590 -27367 79366
-46512 24442 69467 35224
-32540 49404 35976 65680
-82608 -77983 -72670 -38015
-9688 -44155 71681 83301
-60033 53528 -9067 56453
-94193 -79791 21468 -56789
8609 -93188 27421 -43779
-88109 -12690 -67535 81501
-98870 -77783 -66161 87373
36936 -47582 54297 57964
10914 -79544 52958 13949
-98793 -28090 -15786 53589
-88638 -94633 -42383 32411
-24678 84 17149 54620
-70702 65403 -65169 86397
-85094 -64623 45722 -48204
-7851 -95916 6858 -90823
-49387 -50706 -25921 66728
64912 -5361 83412 32147
7507 -78271 51639 -34118
63504 -82190 77407 31899
-86241 -97400 -7924 -76974
-97194 -66406 -63295 43614
-99004 -21776 47415 94503
-66755 -93299 39343 -42799
-26812 -18797 55399 19805
381 43262 43642 70442
-68116 -51043 -14901 84268
-44246 45434 22248 96804
28988 -19842 71155 96685
-42559 -37880 34160 79262
-35614 30760 4718 73141
-68917 -21635 -40237 60192
-22467 -76133 40794 10996
-23678 -16226 79147 95708
13537 -74576 77554 3650
-21277 1554 77573 30924
35092 -34996 68590 72793
-49557 -60546 79760 -45081
87801 68033 89998 72579
24937 -85849 63087 -46427
-99729 -24242 -58611 7736
-99382 -46366 -78069 10293
-82507 -69416 13170 92652
-47855 -46085 -45134 26200
-95441 -46857 -85767 -36725
-68310 -38002 -15183 91823
-90096 -265 -31787 11460
8271 -24362 36177 47722
56351 -97449 85234 -50847
-40300 21071 61473 35236
-46990 -47741 -32383 15290
71896 61476 79180 92298
-31904 -485 21597 30994
-97120 -14446 -72376 75646
-31194 13558 1560 80475
6733 -69554 71332 22608
-23137 -61484 25553 61399
-10653 58195 39138 76157
25581 -87859 62221 -68005
-71035 -82165 -9922 -22035
-5276 -40007 94966 -37373
66752 21471 89942 46836
-83301 -79159 -31980 -24252
-44034 58515 23248 85109
-39249 -88598 -10599 56546
-82157 6480 17514 98804
4305 -49330 75527 33392
-6180 -85810 65059 23430
-12516 -70423 52786 25161
49237 -95064 89528 -94201
-33291 -87592 -6418 14494
-22052 -94004 72166 -74078
-69918 -9877 -6698 42307
-33259 -57193 -379 34467
-2514 -48963 10736 71223
-54107 -311 10059 91719
-82890 -90244 -67916 -63622
-86524 -37234 -76582 59692
-20290 -91992 77679 28326
-53367 -38168 66277 57278
-63000 -42170 72320 93419
157 -46602 42347 -426
-74737 -75625 74563 63687
72926 19026 87601 21476
-72063 7285 53329 29071
-21220 -33826 12871 74885
-22086 -17662 96113 79466
-1972 -89365 28959 58802
77381 -31359 79282 51903
-3554 -7479 81010 71781
-97182 -26435 -322 -3655
5845 -84981 24576 35914
-53781 -81856 81941 13556
5487 -59957 15720 30356
44999 -1777 55157 55658
21483 -20308 32279 -18544
-6069 -4503 17673 65409
-56047 -86683 -13313 -70407
-51166 -17794 20518 46583
-63149 -70022 -14208 93819
-97965 56144 -60498 67686
21764 9073 72399 45804
-74871 53130 91595 92234
-80911 -84901 29116 51316
-92882 68654 -12536 86767
22521 -28115 77247 54032
-50612 -86614 47497 95733
-98217 -77729 -39344 93187
-91407 -20785 62984 29891
-71900 -15877 67102 -1588
-26138 -48381 75974 19288
-80925 -92607 32268 -30582
-29488 -56475 79144 94877
-45180 -92432 18684 45285
17036 -70407 99580 -69315
33537 -70421 66871 -25324
29606 40965 58269 75363
-13326 -23801 31323 -11770
-72049 -84718 8735 27554
-22664 -22439 50386 -17832
-51643 -71402 64447 67440
19067 53264 30092 59784
56329 -74884 71475 86050
-83126 -99057 97535 -81468
57651 30008 94418 32064
-93708 -24466 70585 35707
-2877 -78442 67081 -49276
67143 24762 74752 68637
-90029 -41208 -33231 24320
-58937 -94628 9177 82326
-1129 -81339 88634 21226
-93759 -2931 -35706 59577
61294 15348 65515 42281
-47149 56682 20280 96421
35500 3714 57924 24785
58773 -30260 59837 65083
-90087 -92996 36369 96575
-43360 -18905 30152 98403
-52532 -50066 30692 79232
-4519 -3821 -2069 48316
87284 32947 94571 76168
-51780 -43863 49698 46673
-58178 -12817 13568 19829
-45506 -94755 -40207 -20074
-48778 -68961 55164 -56422
-33718 66783 77313 76326
-10640 -61022 20615 88414
-63197 65958 63198 89791
-82509 -78712 -80333 -32385
-38217 -88405 71919 34223
-94475 -89527 -53825 -67256
79832 5495 81838 46862
79988 -86051 87377 -104
-93625 -97971 4821 88660
-75960 -81664 18730 -42046
-91237 -24688 -64442 21487
-15020 -88783 41222 -77249
4316 31620 66272 92971
-93034 -13498 68068 15164
25006 -85233 51568 -83088
-48959 -51686 91423 43335
-31426 -29761 80939 1357
27649 -74653 53460 -34383
-31399 47882 12533 50705
-56706 -10864 79431 67202
-26384 -96478 57240 -49257
-32454 6885 44618 36342
-44232 -12967 23771 76167
-82621 -72036 16486 -68460
-24901 20096 -15799 62171
-81587 -49428 -62524 87491
-95195 -95123 62106 -78449
-1771 6145 44650 79997
-44347 10093 34935 86971
-32049 -14529 82797 53866
-42530 -69524 64193 -19050
-65820 -50491 9745 43562
-96892 -10526 -20147 -3735
-81063 -11765 39530 6557
-59265 -29070 2952 88473
33265 15756 90497 54623
-11387 56722 68613 76337
-13341 42962 87003 46819
-64952 -71567 94683 -18714
-61360 20836 -25495 38584
-35820 -21270 23284 28221
-46198 -74507 56650 -74447
-57556 -762 11936 28181
88957 -37906 91831 -498
42895 -87206 86047 15715
-26854 4707 35844 88722
-31018 -37092 91877 -14612
38537 -93375 55067 70979
21546 -98197 43321 85887
60069 -59483 89601 84997
-88072 -28339 18734 76121
-80565 -56390 -46258 -48002
11902 -36462 97336 57372
-91382 -31207 54442 2316
-4929 12505 51527 60016
31930 14217 36180 36959
-16613 -81521 19892 62648
-54601 -82764 -23970 74516
-57346 -61573 42743 88588
-23413 -80682 44901 25900
-94067 -87228 -31157 69177
-93450 48593 -5536 81880
-33326 -97732 68724 20680
54060 4737 95169 59689
1929 -67881 11089 30069
41393 -22971 69261 47586
-18387 29861 58235 51408
-33866 52571 -7596 76263
65262 -14152 82735 15137
15341 -62504 98241 26384
-42418 -44359 4790 -39394
-46627 -35849 85088 67968
47805 -14633 78036 -11599
-26780 -27623 13486 26325
-69997 25120 93756 66694
64900 -45963 89266 87766
30167 -42619 91922 -19840
29269 -51080 96443 10851
-61234 -11227 -24085 84171
-4685 -81924 65749 85244
-1240 -38012 82378 48877
-97030 -93477 18156 -84705
-91022 -14052 -68662 56176
-5686 -92548 12892 -73851
8598 -7704 26709 95160
-88062 -11966 -380 4468
-88076 21000 31606 81926
3033 -74596 77927 -23351
-89361 19809 -78074 76891
-12445 -73575 68727 -48997
-43954 -76933 18935 81810
38204 -11785 97050 78912
21752 -45780 29446 -20297
-49250 25004 24688 88822
-73477 3329 90772 13520
-64612 -10942 9001 78903
-5019 -57167 65561 -38283
67402 -99229 68481 -6081
-607 55889 66670 76117
-59257 -66238 52481 -52976
-64025 -95510 8884 -51027
38325 28184 74989 41746
-75800 -39095 82885 21030
-67469 -17264 71271 65124
-14381 76738 79956 82954
-91630 -4564 -56427 89075
-84605 -21841 -54851 83245
-5157 -619 33230 60264
67006 -68578 74269 85511
-31054 25033 -6121 40730
-94550 38929 -17246 39797
549 -99082 81057 -82827
-74912 6236 -5788 8044
-73543 -17406 82093 77714
-34404 -47267 74095 25626
20590 -53043 38221 8707
-96511 -56801 -46940 67932
2469 -892 72961 10421
-88379 -69527 -33637 72550
-32778 -99013 -8449 -53847
44442 -74984 90670 31591
-32200 12590 50101 55014
-33215 -95923 -19756 -41634
5396 -71474 26567 24461
-16891 -35918 78848 43181
15300 -43854 55672 80950
-86127 -17545 91901 22831
-44243 -96821 23170 -27559
-69885 -37721 -24126 56279
67654 -72903 72935 -61446
-16008 -44907 45233 80414
-78231 -94658 -52025 -42073
-67730 -88 19531 66128
-40598 52856 -4119 56718
-15284 35413 79710 44232
5683 -70038 86942 64544
-44981 39324 63578 52909
41782 -75887 65592 -74198
48644 -23134 58557 89190
-45251 -94416 79942 77283
-86952 -99740 23139 3001
-79690 -98601 -32818 35882
-99133 -66443 33993 95359
-30521 -74908 65619 -69913
1487 3099 33899 50449
-40940 -16224 -26768 65411
-54672 18763 36086 56286
-21245 -61824 6966 -44604
-42103 -14272 -21636 18566
-86326 -97109 -58608 17028
-83006 -75682 44904 -34943
-86333 -84282 63861 -73060
-18037 -93587 85295 -9897
-75324 -66367 2824 14455
-61372 4834 -11397 58405
20580 -16053 79788 68274
-60364 -38718 -29272 6507
-75965 -61768 -17922 85141
13822 -86977 70615 79817
-14184 8967 75007 89202
-30285 -51047 85132 80225
-91616 -89635 -25385 25081
-71532 -58666 39649 61721
-84682 -51652 17725 -33019
-79827 -54264 48106 48683
-17521 -68800 -8695 64481
33650 -30353 84942 64635
-88890 -81203 39849 -66906
-23191 -94374 14272 95960
-51872 30644 25739 91074
-54439 -43177 75553 36058
-28576 72113 32471 73447
75083 -93973 84821 87819
-6497 36039 500 52188
-71733 79236 60648 83485
-86374 -48662 -29946 23775
-8264 44149 42849 77124
-38403 -7230 90220 84009
-73404 -39988 34233 51778
-85939 -98572 30484 -85322
6210 -61303 41216 53480
43022 -83010 86341 -81710
-78220 -66414 962 45753
-2400 -10422 30340 88450
-70788 30250 -432 69887
38793 -72544 87196 -66100
-22144 6290 25123 32145
-91256 -92303 -76571 26760
-51916 -97181 59585 -70368
36982 -63047 97243 -5926
-12651 29073 67851 77266
-31050 -77195 94029 71311
-90239 -11492 -56966 70675
-54960 -1192 52069 31910
16203 -41046 16821 56176
-19410 -45069 20275 90074
-49497 38857 2008 93476
-871 -58639 30868 98106
-87981 -83111 30274 10953
48741 -34041 88102 75856
-81494 -46340 -39610 11572
-82078 -56816 -33205 50467
30210 53405 65193 78981
-22083 -26989 782 68369
6185 -73829 55061 -69197
-64127 -66996 -24175 -62170
-78128 -69272 53782 78673
-43498 -94220 81032 89158
29855 -98184 75271 3493
84437 -96326 99959 19290
-33866 -16139 72851 21810
-92625 -75583 62688 83785
8937 46715 57527 90370
-75136 -45964 99524 -39771
-68523 -885 2202 78731
-17000 -48368 74703 79039
-85956 46571 37467 55107
31541 -76648 97508 81765
35996 -96664 84543 49209
-98123 61958 12852 91858
-74278 -84950 -13708 49047
-32431 -42974 52782 -32572
44145 -2377 68383 16865
-97269 -6210 49390 94115
-25188 -82547 88905 13623
83943 -45206 84537 65744
-55385 -74184 9296 37189
-5223 -68962 1953 -46535
-693 -46238 57548 93897
-38206 -63245 4490 -13222
23479 -40012 90168 -20819
11648 -17763 96399 -14951
2713 -52702 46199 22878
-87320 -60989 98518 -10639
-8831 -97596 -1443 41076
-54015 -93146 -14792 -63891
-57357 -20246 -32522 4467
-61350 -40766 10328 95890
48737 -7444 66551 8554
-17539 82478 45328 85047
1524 -56822 5949 -35168
-74206 -99799 65816 -41897
-57033 75795 2375 81322
-41434 36009 10392 55829
-57343 -21118 -10007 2990
-51944 4414 17564 76466
-71448 -79417 -47348 -14866
-89556 -6724 78317 99377
17228 -28206 36662 -15014
21712 -8958 87735 25049
-56069 -21327 23616 39085
-49856 -98468 -18744 -80885
-79493 9057 25982 46692
9273 -73997 11062 1822
-74485 -50644 -11471 -694
-66161 -90921 38301 -48069
-99801 18333 51888 68346
-20116 -90350 -16368 -54477
-2303 -36736 13483 91024
-68027 -87399 -58884 56684
33368 -63351 88706 94480
-96416 17293 2561 24849
-76065 -41719 -44751 55609
-54172 -72563 90426 45540
90586 -62214 95171 30198
-93818 32923 37884 91324
-1224 -40678 41575 87756
31385 -52560 72545 7016
-51425 -20312 55794 32032
16094 -99141 66854 34092
646 -84367 62719 -11893
25795 -73426 75747 -38083
-99553 -55206 -21410 -12159
-51473 9529 -24055 39058
-43675 -20973 80882 40047
36071 -20346 80955 70363
-24235 11812 40535 50270
26391 4470 70611 14067
-51346 -1913 -24263 6184
14283 -82265 26604 71778
-93689 -49830 96346 -10731
69937 -23324 84007 -10488
-43311 19072 -6051 27592
3981 -38992 36492 41889
-28375 -79779 53263 98524
-32757 -25612 97386 86439
-83203 -81555 25197 -55569
-49939 28645 -34620 90708
-37779 -67441 62270 55332
-83116 -13993 29216 94091
-13262 19401 6251 24212
-79423 -51955 60125 -44185
-52770 -85941 47765 -4390
-71668 -39992 94357 -37052
-12421 62709 39780 65434
-29924 -84658 31890 48632
-34781 -71138 -4301 -29106
-96036 -86347 17481 -73598
-70839 -68364 14095 6427
-92733 -87571 81067 48791
-47052 40369 28039 67147
-67412 -82704 -61869 44133
-10140 23358 13182 77525
53731 -67430 86324 -65246
25587 -59752 56621 30280
-37060 -261 37138 76393
-41592 -43098 -6756 -7608
-84353 -62590 -47937 66112
-65612 44977 13854 63672
-50246 76711 44256 87634
-82111 -99935 -36140 59603
82161 28078 83563 68595
-14065 -98529 77044 7609
-84056 -78716 58918 -58082
14429 -78642 85162 6089
-64232 -26578 66355 68661
-30527 -56932 3508 -52079
25401 -30772 55978 43345
41668 -50076 82637 72534
18189 -22587 32794 -5747
-24601 -15792 -22162 -7899
-21235 28016 48002 88506
-14338 25669 63527 57511
-15395 -46001 20069 61278
-83001 -19692 -56215 68797
-647 -35721 84472 48094
-92027 -24239 -89281 65221
5405 -63562 12963 43794
-90172 -86913 -76230 -61387
-23972 -2003 74457 22070
62567 -75846 72005 40311
-51181 -77677 -32349 -72016
76885 -80836 94807 89440
42530 19567 90955 26189
-24370 -12269 97725 62447
-68457 41553 -50216 62916
-99417 -82113 -49429 5929
-50364 30486 53449 46256
-90028 55637 -30742 80772
-53333 -9554 37058 23604
24056 -85863 51178 417
-54815 -51745 49337 -2926
-10311 -77970 95452 46373
-48111 -91902 -23217 83310
-47959 -15096 -30841 -13476
75494 -14600 80591 8043
-97460 -94143 61220 90766
-73556 -58219 -7776 2085
-81808 -76734 -22388 92741
12854 -44930 68125 29244
-62524 -78318 -57347 48683
6338 -76640 87047 96700
-28993 -50331 93961 53866
-37043 21271 -24948 53144
45349 8153 96973 63339
-75583 -66137 3155 66011
52192 -2192 58129 86025
-59102 -58359 15872 52146
24231 -96048 35621 83022
-89503 20322 -2019 80195
-55910 -57153 60235 21474
-71174 -6229 35714 9412
27035 19263 89202 56942
-81689 -61112 60483 44692
33929 -18378 81688 49378
-5679 -4888 1991 19523
22981 -14858 88896 16652
-36786 -75632 18296 -47891
-84503 -83036 -54651 -30009
36769 -40374 70123 9349
-71095 -74581 -35872 83426
-25903 -83701 49784 -5896
24478 -46107 99629 -42109
-46054 35363 99511 52594
3469 -8592 86374 54435
39278 -95741 98103 -157
-80949 -88305 -54693 75998
-50826 -85279 -20399 59634
39314 -35167 86932 -32425
-87072 -32786 -4043 33809
49533 -40741 76506 96992
-15920 50333 55860 85991
-96344 -43608 62264 29306
-24079 -66224 54153 76573
-36187 2378 37160 49034
73534 -24760 97211 -4573
16102 30689 43636 76753
-17363 -50848 25221 93316
-80274 -67200 -77771 -37395
-57261 -84713 46912 31721
-92727 -48877 27461 58283
-85232 -68480 -11091 -26923
-75899 -44679 -34684 17020
-42541 -63333 96320 -40258
-710 -98820 -640 -84617
-95518 -69268 -63659 -54270
-89234 34024 86759 65376
-71826 -39809 88037 96334
18293 -48770 78695 -23223
-99839 23835 -6836 30150
12171 63474 80602 94366
-1109 -1566 36579 53254
-86443 -39795 -85230 -25165
79530 -62028 99277 19419
-42287 8677 -37109 29300
-46191 -99279 61844 -74046
-7710 -43423 18839 10444
-4824 -70188 17428 27720
-26338 -48290 -4481 18415
10491 -34942 31122 5742
-64937 62676 87641 97791
17449 -75353 24085 43707
-69040 164 -43432 47176
-58964 -68677 -10910 78797
-12173 -13071 7524 90144
-94550 -7529 -7620 66449
66822 -42481 75237 -28018
22019 -84753 99235 85274
-59282 -734 94449 11385
3983 -45214 49186 75466
-89236 -73589 -60009 -57353
-92735 -77120 72438 39931
-62279 -75137 -11413 -2819
9602 -63457 15510 14821
13372 -79757 25655 -6726
-27045 -59683 36079 -25192
-25724 -73051 27312 50923
-84355 -35242 78259 -8880
-49297 41206 -8730 90109
-90432 6426 -42728 85902
-74917 -50463 47652 64093
-92400 -92031 5715 -12545
64154 33818 90849 93238
-40045 9539 48475 77594
57536 21811 87490 27755
-12598 -97810 2673 72627
-51819 -23861 10108 95452
-48007 -22894 97223 49791
37956 -68661 51795 -20068
94028 -88376 98669 2058
-80807 -32059 -28659 10326
50572 63436 79619 91779
-88312 -24491 -77991 71081
-75337 -4659 19409 94521
-13881 21064 26145 75563
-25979 -32353 46144 -22025
-47765 -90168 -36086 85597
-81039 -38513 59139 79685
-39659 -35958 -9807 70142
21492 -48642 28015 -7741
-73593 -42901 -7606 -2373
-41482 41348 -9436 55990
30440 -26541 66484 40279
14105 -1498 65400 88288
-85899 -46363 -38385 93534
-46738 -4768 -19527 49079
-65825 81815 76847 98982
12062 -1884 40116 16911
-59582 691 -51626 81301
-1526 -88664 51967 53755
-41815 -22383 45874 11347
-44512 -99408 91000 -9348
-98779 -73430 52474 -69369
-83987 -18502 -25058 51702
-12614 -53311 87650 13047
-39141 7063 94895 29727
-41828 -37679 21422 59612
-51497 -55911 91499 41727
-33870 17412 87337 71579
72038 -52162 80243 80946
-99927 -87189 -20554 -41596
-4116 -99327 -3344 45174
-70505 -62186 12999 -32111
-37002 -45464 -2076 -1759
-65725 -65945 -46038 23294
18581 -75445 97949 32804
-63265 -73394 31522 7170
-30208 -37164 72332 65822
-93474 -82429 -89262 -46528
-90567 -64769 -33609 -18241
-88829 -43536 49750 -13763
-85698 -4869 28873 26118
-96865 -56049 -66153 57044
90441 -73870 94736 30851
8654 -89729 46960 -61307
-49718 -81080 50477 25501
-93338 -94183 15715 83672
-76479 -72761 83096 11648
-47740 -16472 79120 38911
-3499 -77911 78672 3136
-11452 8517 94413 10549
-37649 -77744 98815 61697
-88938 -52796 -30643 58737
-41540 -72270 50759 373
-73611 -44674 -62551 -34352
-28816 -76067 48630 -30712
-20826 77320 43604 85752
-62221 77664 77105 94058
-95753 58009 -13213 88506
-90882 -85106 68816 27626
-42386 -81882 31095 -16041
-49932 -85059 56209 -20655
-2324 -63510 72580 -17414
45807 -93663 57071 94791
-59477 -52421 -13302 44987
-56745 -78285 -30436 -71169
-88923 27185 95267 60006
18647 -91038 63889 57970
-78792 13251 -39119 91992
-98786 -24517 93541 60329
-44992 64318 79194 92120
-61995 -39024 88555 53150
-99641 -36126 34852 21647
-22868 56996 42353 97809
71390 747 73546 12511
-76339 -47801 34965 -822
-92196 -49392 21619 46495
-12115 -67410 19639 -60808
20863 -1453 92258 84215
3286 -55556 64582 42177
-98499 -83279 -97901 97524
-71677 -85260 37787 -33076
-3438 -55967 89205 53911
16124 -30944 74708 63536
-77345 -81679 -41402 48085
-29086 26320 -12227 51650
-51613 -24362 -20347 92239
-72539 -6715 12067 77473
22546 -14695 90553 57400
-39838 -15486 -27991 78155
59629 -55154 67396 88746
-91733 -99738 59129 59386
-15234 71657 56219 96254
-84873 -14581 -29780 14039
-89141 -30706 -37237 17772
41741 -81661 89197 11501
70901 -49884 98586 -40043
-67505 -68186 -65294 18754
-77287 4116 7177 33051
-41022 36841 82575 82811
-3669 32659 80575 58482
-83723 -30275 70362 -69
57495 -49985 61983 26961
-65119 -82728 -62648 -30999
-50560 -91839 43998 -34274
-89163 50313 -53599 85498
-58573 -35249 21792 51215
-56774 -86702 55447 -42352
2213 21236 95335 84652
-94450 -89128 -23630 53206
27058 -86412 98078 69231
-90688 14707 188 80397
-53587 -12160 -33601 19142
-65224 -94527 74968 -86293
-7972 -90061 25127 -56392
-99388 -52290 15027 73882
-7012 -74540 50197 -17157
-69297 26066 64815 32242
-28643 -4717 74377 56697
-71210 -78001 -39785 -50423
-52799 -12914 70122 10885
-32426 -54083 66316 80376
-44961 -98618 -12450 13167
-98798 46129 1417 53328
-62905 -95634 60383 96192
-69701 -21379 -518 17642
7569 -49492 81362 632
74183 -59157 98550 6319
-21984 21258 44569 32456
33617 52864 65362 82949
-64235 -98620 90812 20125
10099 44517 78769 49285
68202 -12957 91975 59934
19204 29305 36657 81560
-65641 -64661 61714 94915
-52490 -76028 96907 75296
-13143 -49662 77185 3794
-94988 -28703 -57233 64395
-93074 -39331 -46271 27405
-9775 90783 96032 93552
-97242 -61542 -37462 89386
-5258 -80428 14350 93322
22333 -86532 90240 38758
-50210 -80796 80308 -12493
-22716 -60123 -20792 -35832
-13713 -73190 38554 21411
-59103 -73083 66178 41942
-87430 61190 64930 78106
-9400 4953 24477 20528
-23888 72491 37604 88852
-40643 35192 85174 97669
14312 -18021 48169 57000
-36756 -25763 47527 7330
61900 -99111 89384 -54629
-26901 -60278 2020 -10794
39758 -46756 58376 -12255
-9565 -8181 26685 11658
69840 -22974 92916 -13419
-59841 -48076 -21914 29372
19636 -73257 47676 17135
-83260 -16154 95288 53266
4660 -65073 8883 1372
-14017 -35135 69230 623
-91861 -23465 -58569 36938
-35320 -11381 -34128 95440
-77826 -12867 41870 87217
-24958 58605 72063 78548
-34019 -11294 180 63112
-31579 50306 98952 50423
-14272 57851 63424 81881
-46531 -25337 6337 253
-5410 -76742 4224 11036
-67831 5024 54862 26150
-75948 -80403 -68221 -31775
-46332 -50865 25090 69881
-30670 -62754 51424 23145
-33076 -58251 21835 -39008
14923 6086 93387 53394
54664 -83143 72788 -46554
-60288 -92099 14573 -51846
-9955 -40688 34490 26911
-42589 -77785 80367 11273
-60169 21469 50478 93815
-81129 37825 -40343 77952
-78643 -1863 -696 43576
46979 -37299 77981 11806
-29082 6671 283 52428
-44601 75145 16127 90906
-40229 -21380 6792 29177
14850 -8387 42736 -2936
-27903 -58351 -17439 -12364
-97048 -62724 43692 51455
40553 -11373 99065 9338
-83260 -28523 1349 -2376
-23747 40200 -6359 72227
-87014 -78156 -81240 43291
-28284 -98678 45034 24067
-53150 -82046 82410 19461
-82718 -77648 -59299 31835
3990 15118 62756 16001
-21313 -7669 10526 81991
-89285 9090 37030 27201
-40069 -92398 -24990 5112
20376 -48076 54999 15857
-66941 -89766 -60300 25796
31352 -3615 82444 46390
-36159 -67895 39672 -67142
-34044 -43921 -8064 50876
-68469 -48115 -59153 58699
-15643 -41726 53443 9419
-86006 1522 19211 8254
-35534 -52402 90007 57623
-68358 -61463 66146 73921
-75463 57508 -42711 61740
-49764 -86666 37426 93886
-71770 -63907 87522 -60828
2417 86120 31042 94957
44266 -90970 50582 15018
62172 -51871 85769 16643
-90315 -98229 46421 90005
-17058 -79993 49970 34319
-18536 75747 45098 80963
-72192 14483 -52102 78291
4170 -68908 26512 -57193
-56185 -66610 -50634 473
67995 13547 68478 29225
32587 -63932 67335 -62346
-9386 -76690 63247 -35161
-21048 -26933 58776 43208
-6179 -19525 92320 10586
-98365 -82038 -38095 -71544
-20312 -23927 37516 36754
-2446 -20686 97371 9379
23627 15348 53987 97192
-85998 -96120 65916 -57450
-71463 15516 41217 83799
19067 33032 30845 86440
-56336 -78626 50575 48696
-76174 -24309 -656 46430
-91373 -5046 73027 94105
-86395 -78748 -66889 21777
2221 43933 93710 76757
-80249 -39450 73454 -10979
9395 -8196 53252 33646
-73010 -90395 -19406 45643
-87016 -42872 -78592 -22930
34489 -27657 44833 18737
-3559 -42483 22737 -25894
-916 59128 56594 63343
-37303 -85294 13324 -9894
-35300 61327 62264 98548
15355 55206 81821 58035
-9933 -98526 88806 -43409
49727 -86339 74291 77790
-62950 -89014 1520 72825
-83016 27505 57765 39519
-58594 -15143 -5394 76999
11783 -6871 65761 81107
-35504 -25688 32340 -16536
87843 -83396 95230 -69189
-91951 8000 -44358 99444
-85434 73966 -67269 87419
-12375 -99986 50245 32191
-34867 -21069 66238 35996
-82014 -48202 84468 30976
-34595 -17637 62064 69583
-20088 -4726 60814 89012
7650 -24600 31063 -22346
-7341 -86544 13369 -9589
-99376 -94649 64150 -63684
30270 -14943 90382 15150
-84746 -78839 -36581 -62823
-46813 -91378 41734 -41711
-53015 -7667 -7910 11224
-20221 -30605 24632 22258
-46375 -36367 60371 47767
12233 -48616 66503 -8017
-95040 -52821 99075 45252
29950 -94450 58708 42651
-45382 753 40791 31691
64583 -68240 86461 78554
37531 55877 37711 60533
13671 -18284 20781 -1028
-23831 -34522 -22610 52302
-86893 33409 26916 49203
-27354 49271 99719 95623
-18476 -76586 32209 -65209
-54166 -76491 -26260 73865
-81549 -65193 -6320 13571
-51805 -75970 683 25482
80514 68378 82108 94066
-58714 2017 -56531 67994
-32279 -87537 -4095 -66848
14825 -44386 81846 42861
-61244 -18074 -2614 81408
-47556 -56293 -10403 25362
15919 74193 23560 83821
18843 -57633 75666 -16970
-87810 42300 33176 67333
-46464 71861 -11825 94175
-83149 -12906 -15227 4676
12648 -4527 59865 27077
7862 77977 86463 80311
-6056 -86985 53612 74317
-53382 -71457 -38740 1891
-12126 -59881 17472 24160
-38628 24186 -8205 46714
-44998 -54001 72197 55006
-72251 -95626 32167 -50638
-66691 -72203 -29224 -26110
-30563 -31781 -1211 53902
-82684 -8722 -49257 93954
85368 -65836 90506 -22641
-70305 49121 -40360 98686
-68319 -80405 -67904 -34721
-27741 -72568 43545 78054
34979 -83582 48326 -23049
-28296 12527 41180 56305
-81909 26767 40179 69736
-98755 -9825 -98351 8321
-25444 -37002 -25131 21065
57662 -68135 80300 -29106
-36331 -69477 -10543 51819
-80075 -72610 19417 17888
-40441 22314 61167 41961
-74997 -7027 31891 68634
-22329 -77346 -9527 -8602
6673 40176 63538 76558
5333 -64003 96236 -1285
25936 24570 72398 60734
-83236 2791 29313 12433
-61634 9688 -32458 44332
-52774 -58431 60347 9354
-60686 56889 -36439 56918
-17741 -10730 96890 5298
-52862 14205 9650 82382
-45559 -82683 49851 -15592
-98267 44231 68371 99788
-66622 -85373 85657 45516
4044 11681 80620 18972
-78976 -71436 -7175 72396
4706 -10240 49019 67528
-32638 30516 45875 45050
-33524 -39306 43494 -16524
-73314 -45366 97658 21488
-10842 -44220 -5257 -37059
1757 16339 49372 59913
6098 37872 33992 59234
59119 72774 71944 90818
-45492 -57829 35545 -11132
-43217 -8623 61168 1350
6249 -14990 43451 19964
-63073 -52060 91180 68525
-86665 -93760 66741 51505
-66067 -62546 8304 58383
-43668 -22824 90654 88719
-3820 -36389 44510 89585
-73151 -9403 36973 -3815
-58349 -44299 70619 62167
21632 -68393 86339 85776
-34765 -20919 12837 34544
-20235 -42909 76170 -25534
-73321 -51390 -11680 -18861
-79519 -12235 40336 28504
-47992 35730 91824 91385
-94295 -62733 -69420 -6986
-69493 81904 89593 90653
-68890 -29061 99234 13748
-82087 -61297 55897 -32196
-9115 40848 97881 79172
-2489 9087 33779 30316
-74404 -33621 66261 49857
-7127 -75025 58047 4314
42542 -95048 48518 -9353
-5481 -95546 34678 -85051
41718 32668 74796 59705
51650 -78438 91612 40731
1155 37762 23435 83791
-45037 32015 -38990 55005
-32724 38021 57963 58299
-52723 41894 67145 70745
-53140 -6420 -22823 89308
-83931 -40396 -7060 -8304
23877 61221 73117 99165
-12925 10890 23066 64954
-75476 -61913 -65584 31218
-99141 -94866 -75242 89070
-43108 -88637 30500 -55073
-26062 -71413 47147 96304
-24780 -65876 -17738 -65717
-11732 25169 65797 88212
3225 -94097 87023 91392
-39977 -64997 -20187 -5534
-89558 -89138 -4336 35689
-98751 -77043 14237 -46359
-65713 -52787 49534 9202
-39289 -42184 -35951 55038
-1413 -65449 48893 20752
-55670 -36781 16179 -35259
40242 -13330 87855 60222
-3539 -40073 60933 68556
7999 25227 70397 55125
-76456 -45491 -55789 10554
-80811 2907 31453 10938
-87967 46130 50591 77680
40426 -65141 63902 54725
21024 64014 54296 80170
-92347 -72367 -60861 -63762
-60970 -80548 79024 58816
-33864 -93738 36860 -62118
28567 -97965 31369 -94206
-56519 -74523 98077 93490
-93262 -73253 -84618 77608
-15149 -90063 96118 -74338
-58649 34042 -2003 87052
16701 -45354 96651 95325
-83346 -55947 22074 88536
-50405 -83189 32031 27630
-89539 -28227 3592 74507
11366 -26585 42566 46637
-48026 -52760 42405 20429
-77063 -62537 -2418 -9726
9934 9130 23520 82561
-57245 -99365 -56220 -48977
-37565 -38835 29132 2016
-23872 -96891 94627 -71108
-79258 930 -38162 17498
-24498 13643 89250 92512
-47428 28434 -17888 69970
-97934 -98412 -51743 -58614
-37986 -31963 24585 26805
-68959 -34505 4586 -28142
-17353 -77188 98817 22993
-56442 8164 -9952 18238
9044 -16716 71711 37585
-47534 -66713 72202 3420
-43212 30446 76509 77225
-79388 -70121 23079 53728
55898 -20847 64713 -13065
-14565 -88193 90970 -20747
83921 -23794 84069 38424
-23037 -52466 5602 44474
-67472 -80977 74167 89777
-29438 -72850 59351 33438
-77237 -40720 -19970 2303
-68235 -91714 19585 19713
-28835 -69630 82304 -37518
-73403 -35646 69552 -12725
-91567 -97464 16556 89665
-19792 -58532 17236 -54196
19142 -47264 85168 -2132
15016 -11065 83936 2277
-98005 -56983 -41245 64170
9008 -96504 61876 -30778
21762 49564 56337 57703
-34520 -17276 -4017 8158
-80948 -90905 -46312 -88850
-48381 -21994 -11664 2770
-94185 -10875 -3798 -5103
-54532 -1727 35078 65064
-90280 -39271 -77682 31978
-66152 1074 -60072 64358
-48311 13136 6032 48372
-60418 -89124 25471 88770
-25281 -47997 21139 59865
21291 -12455 64741 17821
62123 -81938 69278 -4053
40389 -60270 60448 86714
-21425 -52198 41623 -24325
14374 51785 71876 56039
-50046 23462 56217 60759
-59241 -71175 45470 60848
-31334 19159 98669 43227
-84273 -35003 -81276 -19699
-39554 -7523 30124 49670
-56965 -4706 -39920 41457
-95356 -19758 -51226 3118
-64777 -97123 -32063 -3981
-60428 -85072 72184 -15197
1367 -64797 31190 18214
71308 -43889 90152 -10800
-45812 75535 -21079 85325
16893 -81022 79190 74771
-58242 -24916 21308 -2083
42929 9200 92834 21256
-19693 -77665 -17128 43538
-54087 -71996 71739 80893
63674 16611 84097 26656
-27911 -61000 50168 81083
-42882 -87333 305 26111
49535 -97155 59363 -87220
-71447 -36705 66370 87974
-21106 -77626 910 4037
-80673 -69977 22138 25893
-46922 -87859 40760 29319
-23332 16757 58389 34799
45737 -37533 87373 -4512
13652 -38891 77457 34429
-88831 -20589 87605 3267
-72357 -56097 19450 41406
72613 -51836 97591 62723
-15651 -36839 52470 -22725
-62877 -93300 -17737 -37740
3354 -31005 91829 -30656
28031 10408 50049 33261
73791 11688 96200 72215
-53297 -86637 20024 52356
-80755 16388 99934 75168
-74165 -4828 -23084 74247
-41326 -65442 55 32387
-4624 57220 14051 70045
-74084 -61995 95327 91918
-54376 54042 -1429 92302
-63786 7012 -19824 75003
34403 -86518 98999 82904
-47801 29133 -34843 29359
33065 -69306 58118 -35181
9203 -89564 92852 28070
-53889 -96990 34230 75951
-40165 -60728 37353 -25273
-90184 5542 6225 53348
-99708 -70466 14520 -66383
76758 -85374 98753 3945
-27406 10968 -19123 25491
-39759 42783 11744 96257
85456 -67428 90117 -38721
-48025 -68681 -7870 -47263
-42471 -67266 66495 83201
-83075 -84302 -64975 23007
16436 -81365 75969 43680
-69387 -10747 -44074 25540
-85382 -61595 69896 2024
16113 21029 61344 55393
-62175 72900 -42597 76615
-27616 -75617 95712 -33284
-49255 -72918 44965 -41949
55710 -87532 71663 53094
-30417 -71294 62157 -36277
-409 -86407 92350 -49524
83145 -62983 90714 -59985
-79804 -86198 -58793 53736
-72835 10382 53649 79536
23106 -19238 71664 3654
-96271 50023 83785 68927
20508 -54249 45666 -2563
40428 -23043 63332 -14325
-76756 -87719 48735 -26342
-22980 -57262 -2289 39210
-49699 8775 -30510 88877
-92649 -56423 54778 -17871
-42943 50601 -5575 80193
29015 -88743 64880 3968
-65388 -11298 -44206 52015
3572 7563 72729 76174
-50867 -73188 85211 -52505
-61780 8189 -40499 87939
-89930 -94570 30095 71474
9690 -60397 78279 12303
-98097 -68879 72222 78091
-58017 -87725 65673 -66602
-20181 -14952 81709 32215
41060 -96280 77577 -34621
-51334 -41780 -48695 13518
17846 65398 93361 94765
23832 -21664 87780 52928
-66931 -51263 79101 24270
21245 36423 65240 93031
31139 -72429 58476 65694
9291 25962 67234 62681
-49734 71403 12028 91019
-99861 -63376 -91969 79960
-53325 -30326 -49745 34086
-27778 -2738 -13610 47120
-13869 35904 26691 63911
75047 36204 97220 40825
-86472 -33988 -58569 -7823
-32019 -93062 51417 -27146
-64588 -75963 77266 -43947
-50793 -84760 -5554 -43258
-68218 -11075 45564 67648
-42359 -66859 62184 80271
-52532 -20250 -4698 -10011
-76743 84117 -72069 97708
-55854 -93243 75144 2267
27037 71890 63510 82829
-80544 -81614 -24354 5711
33103 95092 81688 98608
-92997 -80714 87163 75445
-92051 -67733 -14704 -37371
21032 -29325 97714 57075
37237 -88399 93917 20480
-27070 -11177 -24662 -6818
865 -40374 32890 -11781
-37049 -73366 52699 -34660
-90225 -40998 77144 82880
-40891 -66675 45186 -1089
-40927 -36579 40266 42048
-8222 -78032 81417 32928
-1423 66357 16459 66418
-58572 -48393 -32182 94319
-94837 -56346 -65875 53849
-65959 -17887 -20161 41216
-39532 -92198 83956 -88869
-54791 23259 92288 74130
-27799 33873 56732 94461
-35088 -92560 34651 -76605
-83284 -99334 68145 1663
-15829 -71507 2533 51113
40748 -78003 66573 72481
-3743 -93228 80923 -44793
44719 -11781 64116 6338
-23401 -74044 -12522 4444
-40397 13524 71995 94321
-98221 -33394 38343 88031
76092 -17317 99207 86624
-44960 -17130 84910 96752
-93297 38607 -83750 96785
-69580 -88453 -3465 40495
-74347 -25738 -4081 -20692
-49418 -87179 77769 58264
-43316 -11310 76793 18837
-60745 -38088 56826 8598
-75730 8032 -65922 80361
8739 -81375 46259 57257
-50676 -36195 -37076 20282
-83632 77393 -23592 89403
58308 26244 70582 31486
37311 36904 67836 75768
36047 -75463 91623 -5210
-16616 -71752 97012 62710
6945 90185 28578 95521
-57184 -53752 81196 76526
-4670 -12512 23454 82548
35038 35274 77935 66992
-95231 -34971 20205 45013
-74255 -26472 -30738 37158
-27120 58968 48128 59344
-65704 -80139 -21796 5925
-21274 50928 59073 90357
-1467 -99706 20370 711
-95223 -40921 -29076 81408
-22466 -90310 55013 -75278
-88651 -11452 -52639 70445
37914 -64991 68967 57970
4078 52833 63306 82705
-84783 -8134 69246 6651
-25963 21213 -18748 60816
-23354 -27192 -13957 12532
31863 -19611 72267 50176
-56322 -98154 -7218 46015
-83783 -4643 14110 91026
-6466 -49934 39062 75760
45735 -38417 92184 21946
9263 93390 22797 93554
27315 -58239 80120 26828
-49444 4095 14179 55453
-55981 -54891 85423 79701
-52839 -54687 72753 13440
-66032 -79747 62026 99633
-64261 -73627 40482 65652
-51299 -15106 75701 90936
42202 -75225 50356 45419
-60173 -62753 32216 87350
-12085 -40694 96589 29301
12559 -74367 41928 -37560
-64913 -83736 98063 9939
71660 10516 91464 31846
-32637 -94521 81883 28080
-68909 19330 92333 97036
-16584 -67765 14120 7866
10895 -25233 12576 -16418
-94050 -26189 -64668 41347
2736 -83947 73342 89483
9694 -52739 78883 -23545
-66945 38582 -562 98868
-58143 20414 -1221 81861
7023 55052 44320 58158
-60239 -72971 39943 18367
-7851 -24764 24634 10068
-94737 -89233 -65882 70130
-36242 -54853 58875 35311
6600 59392 77700 64456
-71497 82281 -34645 99377
20438 -70559 87935 -43738
-99948 -39028 -27614 42076
-73016 32929 -12239 55975
-97767 -17033 82763 -2554
-53097 -346 28112 9835
31755 75644 41397 89825
35066 90637 38833 97659
-46976 -96170 48912 46585
-34685 -29735 68436 -23064
-81354 -91984 3331 6929
-91681 16587 -69627 49564
-23867 12943 51856 94003
-35025 -28964 64204 39029
-65727 -45347 4364 76041
-34005 24906 90378 90228
33796 24803 93295 81535
-5376 -40852 61259 -8515
-55563 -85064 29875 46634
33127 -41259 99955 11648
-87253 -53052 -53971 98779
-14903 -30821 60978 -22140
-19132 69698 557 76337
-19942 -67927 -13194 78654
-77616 -68427 41807 -22800
-15138 1732 11053 45510
-48999 20660 22709 82530
-84960 -67721 97613 80826
-56020 -83710 17821 27091
-29184 -93332 34849 68788
-46752 14482 17603 56454
-41701 -98142 6740 -47087
-62322 -60335 -5477 -37060
-95429 -95864 -35238 -63361
-13803 -10505 -10119 58455
-51272 -61834 52980 -34664
73746 -44037 99293 90417
-46997 54046 5722 86353
58414 -20062 82827 63315
-73079 -24115 94787 -14790
-92893 -39957 17085 18569
-76205 -86299 -9211 36058
12595 -58953 85307 71703
-53824 44724 18712 74359
-71048 15030 76723 79413
-15105 -59954 35419 68718
-29186 -2970 21452 68696
-85848 -15254 2094 -2292
38942 -86934 84955 8950
19059 -8604 28416 5594
-79100 -62979 1222 19111
40045 -83662 55280 -77984
-20839 -31243 37041 -7181
-83019 -93890 -36101 -47187
-57105 -13003 66429 16036
-50240 -12922 32164 11573
-54670 -16980 17414 27757
-96185 -93157 40601 -89158
50831 -48061 67390 41980
-77201 -66136 9457 -51165
10697 18677 68084 41819
-32501 21613 26115 31770
-14113 -76164 97092 54472
26856 -88746 58756 -74157
-71687 -84407 20091 70945
21620 -23143 81838 47048
14167 -20076 86126 11230
-32916 -34917 27289 66875
-90446 -78776 91428 11078
-12015 -48688 39669 -40916
-48578 -89176 20309 -26776
38180 -30190 44053 31311
-27364 -44513 35756 26045
-57448 32889 8377 41826
-83676 -73941 -55572 98420
-45104 4799 81098 88873
-25292 -90822 73504 -29931
-84237 -79739 11871 -61401
-93814 -6213 -7074 83916
-13940 -42262 25380 42129
54797 10172 87400 20269
-36013 -59017 30784 83865
31546 -81991 49035 23757
-67796 -48461 -42215 39830
-75130 -37034 -13525 -14590
1017 15545 2816 60958
-24934 -64396 -22498 79905
-3926 -56355 95722 -51739
-41637 18946 -31516 93407
18469 -13204 55430 73647
-23211 56965 14271 63734
23171 5047 42311 18017
-3813 -99543 12183 -33745
-44028 -13681 45836 88907
-69630 43581 87512 58496
3451 -20134 46603 83243
-92061 74690 80614 78006
-56362 -73059 60325 34879
-18717 -76018 74644 -51527
-83462 -66311 66003 78691
-6919 30617 94208 72225
-95615 -91945 -15503 -34672
-89219 -34970 61656 943
-64158 -19965 57408 78891
-66922 -22854 26016 52701
-63680 -67187 1764 -41590
13537 -53193 38288 37658
-57248 -59811 -38162 28663
-40379 -23939 49427 64271
-32668 -24291 53667 18958
230 -77620 76671 -46323
-33269 24489 81893 71897
-88430 42637 59203 60914
-12650 -79206 60957 15002
-89953 45848 14451 48228
-19499 29718 13013 50734
64764 -5069 93039 11018
-74781 60183 -17125 86583
-39977 -80712 -33895 34069
-99576 7022 27275 19821
71605 -53287 90222 37185
53260 -93535 57657 91037
7682 15972 50261 25551
-72227 63827 48334 68440
-30136 -62207 47944 11379
-69732 50295 -11041 67977
-656 -59010 70082 -55684
-1093 -16710 61731 24251
26574 -65196 89632 58175
37680 -42092 59558 -20008
-73391 -96300 27914 -90979
-52446 -59791 45865 40299
-74456 -91428 71970 90419
6824 27833 25391 49802
-88661 -49649 -63882 51346
-6285 -16023 14661 8418
-67287 -65633 96538 -43588
36444 -51025 81211 76892
-84532 -42737 74181 -31797
-32293 -58976 -758 92627
-42468 -53861 16124 59078
-63396 -95106 -4953 7464
61064 -92045 92244 -58999
6156 -13192 51253 5964
-54538 -71558 90071 86674
34254 -24883 41897 20443
-70274 20235 -62789 58712
-42032 28773 31623 62563
-88359 80759 26797 84387
-91187 -56149 -54139 8075
-63555 63573 -44088 76981
-66730 -90236 -65906 41684
-70079 -91359 35420 62408
-59451 -93482 80484 -70811
-29603 -53333 90992 -16992
-96819 -50660 -79969 18933
58601 -65944 91503 -60641
-94862 -52989 -6314 59219
37468 -57803 94223 -44908
-40481 -65118 36616 90322
-15713 -30666 5015 22768
31869 -40536 72468 88212
26686 -19115 79281 32313
-62198 -57021 5029 -39553
-61744 51462 32144 82718
2381 -28051 88247 -23961
49666 -93004 95142 -75020
-78413 -54531 -16035 23437
-64220 -28896 47496 81378
37294 -27412 49311 73798
-90107 -86303 91146 16494
-85743 12157 -38419 73433
-31540 -99783 -2175 -8421
-22593 -84477 69979 -74628
-94765 -57072 99409 80985
-99122 -43661 26709 65364
8522 -22477 13050 22776
-26898 -36385 72270 32372
-15708 -59995 81828 -47645
-7560 -40695 69070 91998
-37112 -14364 75775 33021
-54868 -61519 49237 8260
-76813 13496 -76503 73794
-73207 11410 1804 31533
-66234 -95721 89305 37116
-1513 -29252 66223 -3464
49643 61597 85603 91359
-66103 -51253 -37813 47202
-98459 14461 76748 49655
-22428 -98204 23124 -21955
-28485 43656 -23486 68952
-45710 -25603 29766 -10115
69196 31924 73577 41521
-79730 -30869 48301 50642
-10426 60948 17660 75432
16477 -94169 41928 50106
4361 -13115 88867 55964
-65177 -19868 -9080 13470
-51081 -84777 93341 -25413
-63539 -49676 28186 -11350
11878 -73309 61723 -23939
25295 -85458 70675 12895
-93974 -11944 -20377 8196
-76902 -86216 28455 21305
-83944 -39043 67633 97687
-27907 -49781 -20973 -18671
-12532 -79798 65781 -36906
-83024 -39869 -57078 -4624
16276 -91593 58208 -41518
30938 -96744 74337 5580
-94771 -48796 -58619 76884
-81078 -57938 57156 -18258
-62410 36729 84513 89503
-1537 -69122 33567 83857
46484 -75752 66803 94864
-73730 532 26202 18389
-6359 -28070 51957 78282
-37128 43862 85148 45298
28293 -564 66542 4710
-48120 -47832 12405 21443
-57396 -30142 32745 -1384
-75025 5243 4463 71168
-20529 44881 34806 59383
-4178 -60178 36062 -45265
86024 -68543 98781 -41463
20896 -30370 65764 -25905
-64380 72455 88982 75195
-1912 -81337 89849 36953
-60076 -58664 -12411 26840
-56464 -71736 54531 -39448
-98296 -84140 48814 -29696
-39875 45350 -11419 75229
-89400 -15914 -45106 77265
-82436 -89615 17290 -2467
-20690 -84289 59597 -7935
-62720 -97103 31117 3135
-93533 -61332 -21437 -45601
-69082 -94743 11413 -53684
43961 -6247 66461 79907
-77919 -51324 -70050 81740
-56671 20729 35909 83984
50018 -26953 62204 43167
-97022 -2271 -72268 19718
-71551 -84386 76380 33698
-93869 6013 84712 78913
-97449 -82533 61739 33210
-90571 7802 -24568 21543
-66438 -16090 33236 -14310
-8794 -77841 8045 23431
-79668 11775 60600 63323
-92147 -54830 -28312 -50139
-94934 -79096 86646 1836
-56283 -98005 94319 60827
-27815 -88170 42183 1966
9784 -39460 28841 -35470
-86411 55896 73939 72386
-58418 -88522 47767 -32904
-92080 23914 -79354 46152
-6128 80176 94287 98578
-69981 -7191 47743 29601
-97229 -6127 98262 7955
