563 1000
0 -100000 0 100000
-119047 -1000000 -579147 -1000000
787051 -1000000 340619 -1000000
-460558 -980000 -900172 -980000
-8137 -980000 -216719 -980000
162455 -980000 117651 -980000
368347 -980000 223239 -980000
495989 -980000 464487 -980000
-251507 -960000 -932820 -960000
-560327 -940000 -957800 -940000
-116722 -940000 -184898 -940000
138915 -940000 24544 -940000
315917 -940000 150481 -940000
951911 -940000 555671 -940000
-361925 -920000 -431331 -920000
-122900 -920000 -272443 -920000
839787 -920000 -1367 -920000
-962940 -900000 -978214 -900000
-727209 -900000 -955472 -900000
-403876 -900000 -530363 -900000
15638 -900000 -397757 -900000
395488 -900000 105880 -900000
427283 -900000 402361 -900000
639467 -900000 629156 -900000
722171 -900000 651853 -900000
874567 -900000 786900 -900000
306660 -880000 32321 -880000
-808886 -860000 -978659 -860000
-440006 -860000 -471291 -860000
-17719 -860000 -193081 -860000
206102 -860000 86562 -860000
416361 -860000 286467 -860000
572124 -860000 551083 -860000
712424 -860000 652976 -860000
777560 -860000 754875 -860000
-846982 -840000 -913391 -840000
-742713 -840000 -820428 -840000
-586306 -840000 -692873 -840000
-92885 -840000 -558423 -840000
13454 -840000 -69482 -840000
450120 -840000 436623 -840000
789295 -840000 535973 -840000
-330865 -820000 -389892 -820000
637755 -820000 495421 -820000
-773807 -800000 -841617 -800000
-614199 -800000 -700673 -800000
-533034 -800000 -600596 -800000
-343236 -800000 -415803 -800000
-293223 -800000 -327692 -800000
153245 -800000 147475 -800000
347526 -800000 174130 -800000
550798 -800000 543820 -800000
677880 -800000 585115 -800000
937941 -800000 916391 -800000
-322106 -780000 -619310 -780000
396296 -780000 -206387 -780000
-951133 -760000 -966855 -760000
-567421 -760000 -870202 -760000
-131804 -760000 -488564 -760000
-50585 -760000 -82765 -760000
34695 -760000 8710 -760000
71097 -760000 70238 -760000
355998 -760000 259048 -760000
676806 -760000 646394 -760000
705648 -760000 699932 -760000
888225 -760000 730980 -760000
-734592 -740000 -999734 -740000
-429593 -740000 -662976 -740000
-333206 -740000 -364079 -740000
-73922 -740000 -303472 -740000
196968 -740000 60214 -740000
462774 -740000 347163 -740000
658348 -740000 512278 -740000
816498 -740000 741620 -740000
928022 -740000 826022 -740000
-87259 -720000 -744355 -720000
279859 -720000 -67221 -720000
-882523 -700000 -946680 -700000
-648308 -700000 -879654 -700000
-390811 -700000 -410203 -700000
-29696 -700000 -145144 -700000
100932 -700000 36169 -700000
142328 -700000 126098 -700000
509015 -700000 342200 -700000
578396 -700000 532978 -700000
879667 -700000 840317 -700000
-593816 -680000 -965368 -680000
216229 -680000 -68550 -680000
355199 -680000 233399 -680000
-863239 -660000 -975964 -660000
66625 -660000 -600832 -660000
828933 -660000 536868 -660000
-756530 -640000 -892612 -640000
-680256 -640000 -738822 -640000
-460918 -640000 -575516 -640000
-136000 -640000 -352427 -640000
-22779 -640000 -109382 -640000
428770 -640000 186187 -640000
477529 -640000 462934 -640000
662215 -640000 588567 -640000
861008 -640000 664402 -640000
980989 -640000 968075 -640000
-871803 -620000 -887400 -620000
-705663 -620000 -824212 -620000
62521 -620000 -101656 -620000
318222 -620000 280107 -620000
736296 -620000 550454 -620000
800916 -620000 778520 -620000
-106243 -600000 -965938 -600000
-42454 -600000 -91078 -600000
333440 -600000 139659 -600000
875640 -600000 722832 -600000
-736141 -580000 -981952 -580000
-657061 -580000 -661846 -580000
-587225 -580000 -620766 -580000
-578708 -580000 -583372 -580000
-494611 -580000 -560317 -580000
-191730 -580000 -355238 -580000
194866 -580000 -149595 -580000
378045 -580000 322886 -580000
426678 -580000 418274 -580000
803238 -580000 732992 -580000
-290672 -560000 -558652 -560000
-15159 -560000 -36485 -560000
499506 -560000 275467 -560000
-773582 -540000 -895699 -540000
-562543 -540000 -716421 -540000
-423692 -540000 -432194 -540000
-361093 -540000 -395002 -540000
16260 -540000 -125840 -540000
227717 -540000 77745 -540000
817661 -540000 688683 -540000
-857430 -520000 -960845 -520000
-395505 -520000 -768149 -520000
-304498 -520000 -387889 -520000
-280755 -520000 -284957 -520000
-60105 -520000 -162465 -520000
382907 -520000 122889 -520000
500284 -520000 479053 -520000
582335 -520000 510323 -520000
710161 -520000 592194 -520000
899633 -520000 823588 -520000
831050 -500000 99136 -500000
-785824 -480000 -896069 -480000
-535963 -480000 -608115 -480000
-118182 -480000 -477245 -480000
324425 -480000 -80577 -480000
483211 -480000 382378 -480000
791812 -480000 699381 -480000
-842036 -460000 -967235 -460000
-778589 -460000 -817579 -460000
-528248 -460000 -647402 -460000
95234 -460000 -90169 -460000
237841 -460000 207657 -460000
288407 -460000 241141 -460000
301260 -460000 291494 -460000
808844 -460000 338376 -460000
940633 -460000 811337 -460000
-206112 -440000 -950101 -440000
46209 -440000 -84225 -440000
181457 -440000 146356 -440000
978381 -440000 446725 -440000
-708907 -420000 -716260 -420000
-418102 -420000 -635802 -420000
-58805 -420000 -187234 -420000
186204 -420000 2288 -420000
348238 -420000 239272 -420000
618756 -420000 514353 -420000
-789331 -400000 -794537 -400000
-566334 -400000 -754314 -400000
-157827 -400000 -271282 -400000
-122022 -400000 -152620 -400000
3086 -400000 -22440 -400000
421322 -400000 298711 -400000
641598 -400000 473242 -400000
917196 -400000 665822 -400000
-802434 -380000 -866252 -380000
-692750 -380000 -738167 -380000
-383061 -380000 -503037 -380000
-33765 -380000 -312964 -380000
153186 -380000 32402 -380000
593328 -380000 326117 -380000
-942081 -360000 -973832 -360000
-695296 -360000 -880172 -360000
-363631 -360000 -650708 -360000
-245526 -360000 -352689 -360000
-205649 -360000 -233167 -360000
220889 -360000 202689 -360000
304160 -360000 227728 -360000
779017 -360000 595584 -360000
930733 -360000 911192 -360000
979612 -360000 974838 -360000
-885375 -340000 -904011 -340000
-108672 -340000 -276293 -340000
560906 -340000 61628 -340000
-537382 -320000 -828161 -320000
-174648 -320000 -347566 -320000
22474 -320000 -29489 -320000
223736 -320000 43960 -320000
291155 -320000 229259 -320000
509804 -320000 324195 -320000
864865 -320000 563152 -320000
970556 -320000 965129 -320000
537104 -300000 483119 -300000
-559761 -280000 -842722 -280000
-205357 -280000 -474872 -280000
30590 -280000 -30031 -280000
-837133 -260000 -990748 -260000
-623064 -260000 -732500 -260000
-195649 -260000 -329804 -260000
-24954 -260000 -173695 -260000
221645 -260000 11381 -260000
390870 -260000 374707 -260000
584904 -260000 559271 -260000
675790 -260000 612268 -260000
905372 -260000 845542 -260000
139829 -240000 -967794 -240000
869654 -240000 149383 -240000
-367244 -220000 -765475 -220000
-244949 -220000 -316051 -220000
-156454 -220000 -182215 -220000
-29501 -220000 -58608 -220000
337150 -220000 62860 -220000
716165 -220000 405533 -220000
977268 -220000 739753 -220000
447361 -200000 -503289 -200000
-621182 -180000 -933998 -180000
-477098 -180000 -571044 -180000
-450588 -180000 -471204 -180000
-254753 -180000 -286648 -180000
489025 -180000 -10212 -180000
-314308 -160000 -391194 -160000
606169 -160000 318681 -160000
544286 -140000 380169 -140000
-902162 -120000 -907148 -120000
-640996 -120000 -875962 -120000
-338116 -120000 -534596 -120000
36994 -120000 -92115 -120000
82504 -120000 47184 -120000
351995 -120000 107598 -120000
451389 -120000 374933 -120000
684790 -120000 517604 -120000
694788 -120000 693057 -120000
806532 -120000 748851 -120000
714168 -100000 -914524 -100000
-565004 -80000 -949352 -80000
554924 -80000 -284788 -80000
-818122 -60000 -931521 -60000
-667870 -60000 -801013 -60000
-351654 -60000 -378645 -60000
-169034 -60000 -273604 -60000
353014 -60000 90486 -60000
508657 -60000 386618 -60000
577123 -60000 541277 -60000
797774 -60000 759318 -60000
996147 -60000 824506 -60000
-99962 -40000 -854242 -40000
174401 -40000 84973 -40000
288170 -40000 196009 -40000
529842 -20000 -713707 -20000
966600 -20000 655405 -20000
-933759 0 -957794 0
-810151 0 -859099 0
-44269 0 -306950 0
66958 0 44391 0
121664 0 101507 0
473536 0 467472 0
632488 0 477509 0
672630 0 667935 0
824332 0 701803 0
186349 20000 -741645 20000
-647661 40000 -925949 40000
-480079 40000 -535127 40000
-441345 40000 -441583 40000
178757 40000 -92020 40000
367526 40000 193482 40000
430024 40000 381332 40000
622550 40000 541170 40000
967851 40000 745873 40000
612474 60000 -261254 60000
-673005 80000 -852922 80000
-562089 80000 -593854 80000
-343228 80000 -352079 80000
-295345 80000 -323109 80000
-148855 80000 -249169 80000
-90666 80000 -133694 80000
10377 80000 -76010 80000
511397 80000 417334 80000
618014 80000 539947 80000
987470 80000 984781 80000
-387765 100000 -944977 100000
135271 100000 -152777 100000
290589 100000 227434 100000
-755078 120000 -786153 120000
-542424 120000 -739150 120000
100548 120000 -138969 120000
366991 140000 -622854 140000
-503286 160000 -876494 160000
42814 160000 -151118 160000
311250 160000 275002 160000
523262 160000 437113 160000
813299 160000 604252 160000
883633 160000 871969 160000
-822968 180000 -892294 180000
-707360 180000 -790842 180000
-389362 180000 -514136 180000
-264934 180000 -285732 180000
-238708 180000 -246854 180000
-156932 180000 -169969 180000
179217 180000 90484 180000
484225 180000 400728 180000
872690 180000 705053 180000
998126 180000 967843 180000
-424866 200000 -598763 200000
-260081 200000 -414815 200000
-43777 200000 -140314 200000
863834 200000 -14412 200000
-894462 220000 -998190 220000
-803341 220000 -869067 220000
-420048 220000 -653162 220000
-327187 220000 -410312 220000
344412 220000 46498 220000
701061 220000 446096 220000
756899 220000 729614 220000
916150 220000 899808 220000
958264 220000 920025 220000
-819095 240000 -991750 240000
-581894 240000 -640909 240000
-401377 240000 -483406 240000
191635 240000 -199166 240000
284773 240000 238160 240000
761210 240000 550860 240000
856104 240000 787878 240000
-728290 260000 -939183 260000
126991 260000 -711487 260000
712105 260000 700644 260000
-631758 280000 -887219 280000
415292 280000 33397 280000
989202 280000 509873 280000
-635311 300000 -691666 300000
-456972 300000 -569749 300000
-62134 300000 -243486 300000
30836 300000 24293 300000
212274 300000 55431 300000
735375 300000 290342 300000
-758437 320000 -873036 320000
-429030 320000 -463830 320000
19573 320000 -73889 320000
65666 320000 28637 320000
114628 320000 78437 320000
182312 320000 178785 320000
310186 320000 215210 320000
552974 320000 486058 320000
799510 320000 597145 320000
898162 320000 849703 320000
-784148 340000 -847577 340000
-563594 340000 -720588 340000
-488742 340000 -508490 340000
-32356 340000 -150923 340000
140701 340000 114232 340000
289972 340000 267228 340000
389796 340000 368639 340000
477368 340000 452831 340000
920257 340000 823800 340000
946972 340000 944473 340000
-685109 360000 -789798 360000
-385725 360000 -389850 360000
-113190 360000 -361959 360000
10802 360000 -106420 360000
50192 360000 26795 360000
276723 360000 261197 360000
330536 360000 314085 360000
524282 360000 357892 360000
653738 360000 644549 360000
892123 360000 741232 360000
-796866 380000 -960082 380000
-650939 380000 -779228 380000
-349236 380000 -512338 380000
-19500 380000 -51379 380000
253803 380000 100147 380000
974862 380000 704033 380000
-663567 400000 -909978 400000
-335004 400000 -465321 400000
437982 400000 51217 400000
535233 400000 513906 400000
854369 400000 761115 400000
-696370 420000 -782752 420000
851551 420000 668298 420000
-759625 440000 -808830 440000
-604463 440000 -657105 440000
-349805 440000 -465432 440000
59394 440000 -20272 440000
205621 440000 197136 440000
233221 440000 213764 440000
394859 440000 372921 440000
578593 440000 574769 440000
864030 440000 595060 440000
-927319 460000 -945629 460000
-483692 460000 -601772 460000
743045 460000 496362 460000
-868624 480000 -967516 480000
-599945 480000 -864920 480000
-49002 480000 -344189 480000
312655 480000 257799 480000
958772 480000 716983 480000
-95409 500000 -509374 500000
653246 500000 223737 500000
777111 500000 768219 500000
916400 500000 829199 500000
-976641 520000 -990624 520000
-456406 520000 -762725 520000
170443 520000 -169400 520000
382819 520000 192510 520000
878903 520000 456870 520000
-879568 540000 -976854 540000
-432580 540000 -778847 540000
-66725 540000 -262382 540000
316664 540000 71228 540000
386828 540000 354852 540000
642465 540000 409989 540000
834781 540000 715463 540000
858462 540000 845762 540000
-672276 560000 -677170 560000
-372536 560000 -398380 560000
-11281 560000 -360545 560000
47899 560000 41256 560000
342131 560000 215598 560000
529369 560000 520625 560000
-961031 580000 -981099 580000
-514047 580000 -547302 580000
-414105 580000 -429536 580000
-22746 580000 -343077 580000
76527 580000 33165 580000
214954 580000 77583 580000
359616 580000 332958 580000
675632 580000 395248 580000
871982 580000 839874 580000
211454 600000 -548844 600000
755244 600000 293626 600000
559988 620000 -562908 620000
-898555 640000 -958298 640000
-853826 640000 -858767 640000
1544 640000 -202966 640000
60173 640000 39318 640000
314437 640000 284814 640000
457433 640000 374488 640000
895057 640000 516085 640000
-677334 660000 -806395 660000
-523928 660000 -667587 660000
-276624 660000 -450863 660000
147133 660000 -242814 660000
519885 660000 460405 660000
605826 660000 589419 660000
803984 660000 772729 660000
920187 660000 869119 660000
-720924 680000 -897633 680000
-567524 680000 -713886 680000
-383735 680000 -422067 680000
-276415 680000 -305119 680000
-70062 680000 -165299 680000
111639 680000 -7550 680000
317370 680000 202951 680000
758535 680000 423152 680000
-866072 700000 -949016 700000
-609487 700000 -723968 700000
-355750 700000 -532628 700000
-153192 700000 -247221 700000
5112 700000 -73451 700000
251811 700000 74147 700000
420692 700000 307183 700000
886037 700000 583542 700000
962120 700000 957559 700000
-880926 720000 -904243 720000
-685802 720000 -741881 720000
251207 720000 -624884 720000
446345 720000 299393 720000
720259 720000 486938 720000
966392 720000 851665 720000
-885836 740000 -920880 740000
-656550 740000 -823907 740000
-570840 740000 -591114 740000
-210883 740000 -390915 740000
-158663 740000 -189971 740000
259411 740000 -16421 740000
281861 740000 260668 740000
404953 740000 343189 740000
592204 740000 560141 740000
949615 740000 758060 740000
-843382 760000 -928334 760000
-507625 760000 -537299 760000
-238500 760000 -452428 760000
-186098 760000 -203232 760000
108628 760000 -124622 760000
475792 760000 176343 760000
758794 760000 544970 760000
-874957 780000 -948436 780000
-808783 780000 -826742 780000
-396328 780000 -584643 780000
-100047 780000 -331750 780000
113606 780000 -20731 780000
199718 780000 132853 780000
353346 780000 253499 780000
666478 780000 562573 780000
961431 780000 691867 780000
-492170 800000 -750567 800000
-94609 800000 -342167 800000
303947 800000 46347 800000
-726240 820000 -876176 820000
-363192 820000 -414078 820000
-201542 820000 -242251 820000
-111016 820000 -152216 820000
59238 820000 -12286 820000
257333 820000 104542 820000
480252 820000 387769 820000
635280 820000 506287 820000
813915 820000 635939 820000
977217 820000 916405 820000
-648470 840000 -918702 840000
-522168 840000 -523707 840000
102831 840000 -432817 840000
884992 840000 414471 840000
-969485 860000 -993453 860000
-674727 860000 -959210 860000
-558735 860000 -562748 860000
-355341 860000 -517135 860000
-231672 860000 -336215 860000
-153465 860000 -200724 860000
391951 860000 126640 860000
537093 860000 530870 860000
-597327 880000 -621751 880000
-703282 900000 -962322 900000
-536555 900000 -563822 900000
-323988 900000 -473099 900000
101499 900000 48598 900000
421073 900000 133096 900000
702571 900000 574355 900000
997169 900000 979844 900000
-757863 920000 -832671 920000
-447967 920000 -749691 920000
-170997 920000 -377060 920000
190 920000 -24435 920000
174211 920000 113363 920000
333126 920000 278530 920000
730517 920000 575935 920000
-842755 940000 -969554 940000
-348834 940000 -713070 940000
-36457 940000 -343050 940000
131847 940000 105666 940000
871645 940000 606158 940000
-587354 960000 -686066 960000
-124851 960000 -195523 960000
66180 960000 -68979 960000
473357 960000 398074 960000
950120 960000 853481 960000
-259697 980000 -996339 980000
88324 980000 72740 980000
575939 980000 120455 980000
725166 980000 684557 980000
-728031 1000000 -892036 1000000
-336180 1000000 -706445 1000000
-193767 1000000 -218983 1000000
130733 1000000 -84892 1000000
714658 1000000 266406 1000000
-968914 -623204 214312 -412817
-605764 -328861 984684 -239165
-712958 -377909 -88474 849093
40997 -613065 534760 -159592
-822214 -824523 305446 310101
-315440 -211543 570209 119737
-886778 -613028 435388 335251
-159277 -936530 90803 -769397
-78272 -368679 488272 603645
71005 -373350 374647 961593
222587 493885 656846 771739
-835317 -954484 996741 181269
-245995 -407143 -235189 726571
-619840 -510013 -190061 631007
374756 -132797 984783 785025
-189971 -729248 359874 179166
108933 -568800 869792 630377
236531 110256 272820 549458
-165077 -825628 297409 629148
-234777 -923293 689758 -199244
-944253 180222 103020 696971
186133 -771029 626300 -606953
-369210 -697652 462611 393625
306249 185939 718726 456069
-876077 -596052 -565270 -71620
-769289 -517690 -693919 476017
-828257 -174459 511308 734343
-690735 -581922 -8334 540989
-231262 -929323 604360 457520
-423365 215101 928945 226600
-627267 -841053 -606416 25944
556099 -169247 894676 918671
-947035 -631113 -203887 970956
-772243 -598525 -721697 685297
-626755 -895195 82745 318242
-938968 455036 850811 478210
96900 -770084 99420 -251264
-937654 -29238 -206823 952160
521891 -929578 753111 737189
-674431 -966593 900425 -343507
-63800 301919 -34398 637817
-134197 -921300 187289 567748
-829332 -728756 239615 -612585
-539488 -522522 -5718 825689
401097 367380 553798 718719
-732365 776787 961985 828957
-672970 -984785 400390 425740
261569 -507637 661463 -30216
26296 219460 283583 666436
-990373 -818508 273055 969028
-286576 -949017 974430 958623
-226172 -328544 946044 238389
-710685 -26155 -476551 896636
-84383 -549275 549532 -252479
-771252 -544870 -278042 109418
-436844 136367 -283790 362297
86819 120163 570698 669887
-389769 -437795 -185523 791746
461348 -124804 840608 744399
-286202 -200690 290156 691274
-774982 -119760 678731 295958
-489832 -380747 41221 447337
-688646 -466520 -237182 -106093
238491 -756018 626222 928781
209521 -698295 259278 -75304
71109 -8016 318749 335812
328235 -956921 460224 -326899
-247374 -615430 94554 235371
-756517 550652 -428102 796269
-805374 -221416 -266155 465873
621560 -795908 662437 472567
-369959 -880199 795408 -300603
-306572 -642908 197567 -545899
-968195 -501818 -62465 -67441
-942434 281969 316423 797916
-478000 88481 699285 951509
-430939 -885727 879118 841328
382113 -892387 525412 588986
931606 549698 946958 806170
-434884 -620002 -14565 18042
109886 -948497 707986 985231
304475 -347001 802656 951056
675509 -544913 946259 -515263
504560 802024 807460 887422
-949911 -103232 -481738 621694
148646 -874413 894277 848889
458752 -801482 694265 437004
-696660 -263004 684750 758514
-901036 27061 554313 730124
-52489 -285150 69877 -239857
-920264 -996607 702331 -727447
-41 435154 858369 611561
-951513 -309848 -579331 362250
-48019 -137226 458175 312774
-67361 -661330 308099 894231
-902055 242302 182388 902346
716627 -935839 968996 -150778
-920984 -447667 694015 354167
281110 -864494 953395 -642380
-310290 653899 12869 774912
-445274 -680131 154232 -207353
-367186 -804309 758110 162354
-631293 -312933 -327023 522878
-597086 788153 96200 942420
-736079 -504546 -429589 206812
644414 194467 831719 335282
341367 -846766 470686 726651
570983 -466905 786976 -159826
-680631 -853178 -633990 692656
-718229 368113 -155416 742794
-888511 -25161 257816 389309
193563 -286433 236747 682850
-408521 -573331 179883 352492
-249928 -542324 564048 402804
-954764 529564 -236456 790835
-681498 -207713 969543 174828
-589744 -349609 13546 645319
559501 50056 574344 989702
524075 -794523 690040 -584923
-77430 -903235 868650 -427495
358251 666217 590360 877762
-91477 229471 594310 540496
-528851 -598842 -311203 983795
-734281 -46444 504460 529533
122468 231847 840125 965316
-584770 144133 989277 928535
-763987 -535006 765927 7383
6804 -765966 535310 -42596
-988240 -739248 -85489 171394
-969828 483648 451686 959184
-808127 -723374 -786549 -301802
-121718 -625696 573921 -477995
107185 -207049 114776 179885
439038 -328009 711168 490770
-543043 -836033 823859 -82564
-974617 -794170 -297340 -250088
-759553 -825984 -255275 -659065
-795529 -363697 265957 282797
-969579 -93540 315187 575365
-562381 -677839 880532 -255281
732863 -880264 999132 -386806
-243563 -110270 -213190 795276
-92230 -429453 790412 448787
-636493 -601644 180100 -186593
-865123 -627274 670112 19624
-35308 -961044 569107 -896832
-881118 660206 603734 887928
-79327 -599229 -73162 -158760
-362579 -146874 704846 192289
251296 27088 820321 466177
-639018 53594 795723 791655
-939860 -628335 302336 -461403
-740443 -812997 -507894 535671
-531951 -886889 -368788 908825
96870 -904727 463069 -764626
-214353 -950224 545961 365439
-702863 -155920 509590 -48990
-214855 -871233 591599 854029
-669310 -748795 -469159 -177274
-306218 -815165 434206 740012
-842887 -534622 868526 420001
-252294 -577614 -212268 884734
-34947 -39657 631660 219622
-523571 -210946 59951 -130778
62498 24145 894713 453397
-579757 48980 -366639 922597
-409586 -61898 156331 500435
-619542 -842521 63972 917086
-215478 712197 15169 735906
-1759 -388932 997513 -274458
-312624 440645 822995 594015
460687 572775 817142 709237
395333 -384619 799425 -337291
-940460 -686395 609850 899983
-104132 -845787 -37446 656980
-529989 258260 353811 496183
-865753 -408753 -195034 68426
-691818 -92162 -431603 234009
-136524 584854 122336 977007
-89751 -562447 898651 -311982
918591 -520711 958704 -386981
853812 -999206 979882 463075
195148 -80148 672028 818580
167360 -189914 308160 255081
-773856 -496630 738346 572459
-201601 162290 727543 497433
523850 233795 885759 616655
-669465 -899133 -571351 -633197
-841052 -702508 -659096 687187
-306231 -17180 17789 431986
-813920 303603 240379 783390
-128529 -373959 -124282 225614
-376057 -434348 -168344 747573
-429608 -870576 -241698 585355
810179 -878970 991185 448850
365556 -181691 738985 158173
-791474 673926 895814 995307
-833043 -305213 -491391 247617
-973213 -303142 -903017 -293670
663678 -916947 837524 -634554
-264854 -358191 377451 -217363
-155950 -488787 192044 732613
-570521 -949482 151419 882170
-627954 -657244 70339 785814
-955548 661855 -888489 976105
-137901 -974339 316001 904944
-618524 -66621 -82701 748414
-600023 -675513 -344449 663247
-606961 -706624 875315 800532
387148 14106 694734 299606
-486033 580172 494835 677459
-245589 -855397 86669 135314
51713 -510961 467029 547923
-186571 -978586 564449 -374558
-976726 -784815 113945 -534917
-556588 -490290 461262 389165
-865857 483503 -412977 824376
411308 -264907 569111 -206139
-848363 -923932 751869 -306829
-445036 -891283 -56639 301665
-201688 -250267 385608 632734
-721973 -832500 822224 -266288
-250462 -977038 -143956 -431654
671756 -268769 890169 828778
-190942 -174469 391497 320293
-515007 -167958 389799 -148933
706724 -73248 745239 250201
-410824 -67987 -12023 200244
-152852 96317 301936 961017
-402744 65382 104733 528662
-502862 15385 889355 437801
-485682 562183 561578 761325
-580529 -978700 650037 -420070
161247 101004 472370 143071
587345 149331 670302 943207
-189685 -592217 705320 67260
-738777 -874567 287794 110474
-680888 -571768 970016 129390
633288 -543747 957964 98313
-938892 -860461 365252 -118843
87983 -802189 570956 720895
-302404 -745769 646995 -583235
561030 -522736 896795 603258
-907206 -490234 -79463 -238830
-861000 -425267 -294335 -143
-286004 45991 44799 501047
-740530 -960790 -608286 -362122
-402577 -785261 964493 754028
-168492 -79794 951431 612272
-669368 -495883 -187030 959878
554700 7810 565382 138950
-317244 -920299 -133592 748609
-51794 -516951 152556 248388
-799527 -764882 300937 -225117
-933979 -697191 -879637 -383452
-191977 -881013 723441 -335900
-858257 -599588 917889 863187
191040 -64021 765592 736484
-212320 -999859 866157 541748
-119899 451561 874082 863742
-298536 -838494 511479 -201034
-935299 -954153 77828 -860218
451132 275485 648583 954611
-978507 -121296 -293021 43403
282121 183538 493038 575398
-793931 -380492 543178 235969
-903179 -762969 354161 -91807
-628618 -901830 -28255 -29144
-54321 -169445 624259 439389
-980729 480186 -848007 831682
-943335 -681085 716361 -190403
-132986 -897175 -53021 -592784
-713044 -699821 -700131 896010
-509091 754774 616074 915393
-996491 497363 -886418 655300
-807557 -587096 -589511 -102727
-156650 331403 -69022 768950
-529772 -560873 -78050 707437
-297888 -101400 912603 295474
-257026 13567 -117995 880749
-341186 -847955 -17360 163880
-464982 -704547 144195 -275186
152561 -537818 984707 259062
40091 -631395 435702 720361
-278009 -834215 957739 268780
145457 -572145 321481 462914
-239331 -687290 692485 52872
-825713 333409 -255834 899294
-154248 -199154 -151451 -82002
-917187 -569083 486254 222773
-279839 -559449 204264 596979
252979 372740 462893 780177
365258 -999904 705740 -396894
-877937 -499879 -759951 5315
-651315 793234 353006 971240
-385850 -985993 901256 -760545
-303413 -918142 955003 330397
-495990 -793155 452999 -345055
-785816 -347812 -430759 206813
-495002 -907620 676573 650977
-122139 -156256 604202 100423
-260077 -288274 174360 289555
-385987 395341 -274378 690259
-456518 -274045 -129062 189998
-481062 -350890 -379327 -338027
831938 -577183 988789 354952
-907474 166505 316839 251375
-646187 -519091 352666 -473877
3369 -250267 290208 951299
-929415 -677288 -773424 -590531
-77371 -482716 565213 589085
-996393 694629 437261 848867
-230969 -145918 921206 -67385
57800 227130 344934 313966
-921019 -179022 870834 62544
-130481 874039 979174 938450
-651239 -333155 -68568 306400
-272407 -278176 166423 542820
-819329 -169650 -617929 492987
-232721 -701859 688408 727859
-172588 -955893 764360 -11362
-996318 697389 514717 699048
108067 355572 360407 615251
-434971 -108144 -47519 85566
-466819 -132434 642818 -5845
-729445 -687744 -411781 204874
-844599 -329790 -219800 395731
693187 -590617 902162 556215
-325914 -806561 670510 354749
347988 -750984 780434 -96090
-791135 190943 865178 523898
-741279 251667 174732 545837
-770395 -997017 -303428 159163
-501310 -965656 427221 367868
-171655 -145394 250299 -86292
430934 -556872 667238 -446389
-558993 -257159 739342 956081
-361359 -117536 630856 929835
-561228 -878621 -535102 456108
-943930 -271915 -307330 449555
360420 -246262 921225 289929
-427702 -828301 -397375 -397520
-938419 55808 -691608 836779
-431098 -45299 488873 703086
-773613 -639215 -434211 -580028
-856754 -405925 -342321 653479
-997337 -587181 162031 658599
-978078 -49009 127827 236248
-111733 -400143 687003 327199
-867877 -310060 -677274 232407
-31806 -477467 406924 855900
-675195 -939758 88062 744998
-490761 -989264 -156084 440073
-213778 -269490 726120 -247569
-510762 176056 312820 183944
165378 -340107 924948 849679
-894514 -83990 -208480 729854
-176141 -151584 204585 709910
-920059 96199 558530 309923
724821 -913173 804103 528473
-313780 -240713 338623 67161
-775533 -91862 -657249 650536
-360435 132549 186853 287604
-457588 -561525 260154 470309
-538406 -353325 562761 267643
404984 -869914 473028 565889
-381059 -931026 583195 -252355
297423 -798276 947739 -482946
724873 -916519 823817 -478794
212152 -678963 239546 -55030
472891 -810334 758894 670006
-385772 -873710 426503 118868
252392 -655957 379975 632962
267967 -863104 839740 877598
-397605 -404730 939092 84319
-342148 575142 165908 660516
-810369 -365113 -784648 -87255
596817 -534522 613066 820355
365470 101342 750274 403988
-653506 -141565 295340 39567
-889862 -427708 -37980 -201893
877124 -944655 878677 -873407
-884078 -694395 -723856 432384
-501710 439848 319308 567846
-611922 37504 -249764 482346
-172942 -166354 252968 378747
-669632 -782905 241470 -479169
-118046 -980260 883948 262855
-743914 -746533 317895 -299797
-105696 161287 510778 792322
280311 -631000 703209 486472
-386769 -412028 414651 -10178
-768563 -631315 -142908 -329119
240394 -674088 911097 -586303
282385 -848420 648296 -789669
-695606 -692735 775501 -126043
-214220 -456761 987209 746659
-74475 -525790 456708 448743
11646 -992832 475637 -706902
-902142 -58351 751307 620831
-783563 -508755 947685 457176
447755 -217201 716593 771873
245829 -687967 831889 678562
343320 -716816 684186 -288865
-243916 -369506 -75329 809031
797364 -691628 922780 -295164
-840166 -681077 577522 -223154
-228173 -389120 817597 743754
-967128 607425 -157180 642352
-858827 -440236 183814 468310
136473 -15658 815046 702908
-975459 -609430 225478 -196316
179611 -289995 500677 725203
-279567 -638328 160807 -308049
-949131 171263 989045 851136
-668266 -87498 957160 644073
-735612 -923103 417646 373156
-666595 -239969 101153 -61678
-841339 92974 726877 775878
268154 -863484 365082 964718
-930062 -935329 102962 -573547
-119604 543795 544548 649546
-890235 260759 -120346 318636
-906716 -103442 532224 617443
165020 -957020 999679 147439
-485068 -976487 523490 595832
-629480 -202407 771629 265516
-900557 -580609 71929 579408
-336689 -880882 147393 175830
209878 -221189 459108 645444
-918417 -159532 -2596 498152
-459755 328145 93319 858290
-642103 49091 -550722 268942
-754039 77291 55456 770607
-29576 223015 470151 334589
748085 230698 835267 742523
-938804 -637350 282851 754324
-103526 398213 648436 533727
-725713 -622180 694789 500182
-717682 -768757 -60729 -600368
-259363 -591821 965192 541932
-848727 -767480 943769 59792
-660086 -990571 -142215 682920
343929 -236852 512077 910723
117181 -91908 180259 754558
335577 -852226 513309 744618
-99481 -949671 951841 -11950
-916252 62203 583889 922230
-297993 -935479 -88404 -683211
-46704 500314 788931 867285
-854887 -526470 -650130 516704
-288191 -848892 270871 167126
617244 -259766 776939 345111
-861694 -831345 -357804 -16000
-814506 -875665 72143 54365
-588392 -102551 732160 390338
68432 -995883 230398 -715199
-453136 -686286 587225 305488
172466 -450900 495571 349341
-388548 -369542 763014 499526
-113647 -388148 530889 428072
-813673 143573 -494229 608695
342032 -400067 858993 30386
-736172 -451827 -162855 154660
53405 -990115 884897 -459030
-110834 -295531 381887 526982
-890686 -362850 -284009 89469
-660398 -815872 -319181 -285991
-1852 -455352 585578 350964
-986910 -932924 -95668 181456
-891597 -990746 -867568 -699955
-451853 -938499 775764 -156900
-285043 -574212 815569 -246586
562114 -668970 565309 520145
-622310 -387551 -56113 286612
-187041 -460051 592285 679294
387910 -584409 751295 -385581
344503 -123305 658961 168044
-859235 77037 92351 464240
-751057 -790497 824679 581342
-149268 -254562 835258 -110871
237084 -18895 565332 504019
178293 305158 820944 388853
-55728 103878 787723 861616
-932424 -689699 -309415 701840
-639853 -894638 992771 -149503
780530 148801 863640 217353
-272369 -514119 181528 536508
12671 79029 565793 116604
-563123 357002 -343353 968541
-686585 -788830 904103 -66990
-275481 -397991 478967 316810
-82907 -240293 263474 616699
199807 -54568 661621 712879
-518876 -554863 581330 421756
-435307 -473333 -117955 -358515
248068 -546298 597474 -407786
173890 -956485 911017 -628310
-396495 -969054 326957 198754
-467018 556595 -407777 567700
-549589 -962706 446310 -808468
10884 -180047 122156 805455
130073 -606791 945962 262492
-862209 218070 -398255 530627
-672194 31213 -5959 45742
-432092 -906422 21038 413461
-851584 -293608 83079 -118721
-777206 517789 20072 562538
-849387 11151 -756167 982292
-688501 531549 992385 698558
-181707 -880028 199195 -274936
387307 533451 577936 850036
561544 449813 722538 802199
272727 103430 654137 509366
163610 -597137 873848 42050
-928294 -641951 949468 -352323
-720579 194158 59277 217847
-423259 455921 450884 954228
-607583 -97143 744189 751883
-569254 -53356 -251794 -7389
-567625 504428 -124673 943313
133900 -637904 152020 526009
-948707 -957329 831167 959531
-912991 -741458 -367805 -594338
-437954 -936663 866899 720105
-196696 -683704 237798 593419
-559111 -624816 569842 439407
-655965 -657570 -514743 554565
-967165 289916 217086 351137
32667 -323871 786368 -200211
-995168 309305 258840 871054
112005 -908688 848294 -47530
111469 -195529 991610 734970
-852536 -794077 -699821 -619953
-950407 -325869 -206182 893939
544408 -241005 822529 -118039
-704005 -730959 145071 -724033
-820114 -374241 -193862 960678
46644 -120700 431387 797369
-649972 561581 -215028 607684
-865950 -613918 -680557 635330
-42136 -652119 557038 -536945
528620 282517 897464 786633
137060 -484381 482141 541529
228925 -751787 344667 584234
-859310 -572885 177741 -185885
-387789 -864615 233257 -613255
-520446 -780480 873667 293478
582168 -777427 713874 59112
411294 -576996 781695 11825
177174 -948066 475753 369843
-723165 -685945 -674828 988240
-989020 -253251 -647910 489282
477035 616745 495127 964471
621574 818644 890572 902764
129443 -678621 315960 -56784
-888636 475896 87664 975072
-353807 111391 195306 705843
-530794 -624287 867230 -381846
639536 380029 705516 903473
373546 -772703 576991 -400368
-665525 -765453 178119 264536
-127481 -998610 359329 -528433
-840863 -393687 99479 -21314
-294063 -261638 122008 516529
-81916 -759318 991583 240415
-270073 -504450 330135 423825
-131771 306416 932349 915028
-950519 -355424 -938595 -338428
-115183 -761594 555679 577968
-119636 313713 -65867 342972
-979232 -780772 261000 894640
-371951 447925 187101 682309
-396738 -707224 843631 765205
-553351 -999014 651869 374986
-251028 -796113 831835 328426
-465294 -259232 -383711 20978
-924356 -130556 -407966 829379
-815053 -232824 210339 997978
451664 -659013 671729 684589
176505 -654766 434921 -498330
-273091 -793860 241736 -417041
-720230 121938 -247770 212296
-766933 -176220 261343 253328
34574 -488435 962435 -100561
83385 -596631 300413 728851
-826981 -624622 742509 907915
-487808 633055 -337962 767545
-580450 262828 115090 440126
-942773 -755917 -370781 244853
-558269 -834092 807504 316538
41393 -645831 571177 678247
-675528 -298898 -418192 251698
-885634 752912 -712776 811274
-871894 -643594 397802 155783
276666 -897827 709291 291148
295419 -568692 948914 768245
765207 -706631 858051 -498968
-671859 -167397 -180960 172442
333337 -26254 803223 755117
-233599 -814083 -31006 678173
-60652 -896649 386456 859690
-664344 478945 -391654 871676
-834283 -469284 299265 109032
-280930 -928643 266323 -141055
-378042 -67066 825736 559445
-222455 -206665 -67292 168760
-577861 -285542 356044 453486
-997109 -333011 505328 318945
-601213 -872636 595223 -211656
-263905 -643045 356634 783275
-969725 -891410 582002 657925
429957 -505758 452425 -254101
-649608 530927 -562843 803627
-793568 -125198 377435 964887
-507986 -31782 635091 36543
-467831 -710501 960192 120378
-735859 -508988 503368 23333
-311579 -743390 819482 987056
217030 220967 508780 525138
-81597 227136 778478 932048
-908173 -530138 420873 859762
-507050 -527019 199336 715220
-97221 -804956 562848 -769391
636105 -180451 862449 765030
-553836 -737655 231335 -222182
-483420 -400355 465807 509134
262206 -303794 355118 505829
391065 -469661 944197 -100433
-192680 -601329 -176799 51097
-897547 -541531 -613037 473036
-385852 -887229 -369459 -593265
-370483 536321 385909 655562
-14527 -768372 260719 -517440
-888739 83846 -500352 227467
-913156 -308457 -810035 249368
-521844 -999249 62903 445264
-647597 -765554 564872 -672770
43804 -980967 737661 -638424
247968 -612271 742565 506003
-334953 -278903 227226 407420
-457504 -287318 -457136 -191213
-936053 -548440 709080 340824
-685080 -818010 738665 338114
-504707 645310 -481163 914426
341161 -153560 970844 -136670
-744828 -796824 -548085 607629
65907 -804822 651933 596379
-351808 -787286 -242807 990483
-23227 -576391 567544 237398
527448 -598026 828181 -341962
-277751 -153604 475351 524684
272052 513519 822089 618045
-761757 -342167 -501718 922554
-930345 -453301 468634 139785
-320990 217012 809014 637658
-394465 -587068 861482 -269816
-745716 -312905 179992 309134
-979720 152026 -887104 199976
764319 51258 849858 127426
699032 -370645 820013 -30067
-235704 -708673 137480 311301
-78829 -923496 402784 -739567
-864790 -620155 344684 685334
-744652 -50777 -233574 857491
-598062 -536606 480805 165959
44655 -969180 805653 562084
-6481 -412650 783673 364849
-244637 -909480 660398 -677563
-966448 -717613 -499614 589463
-471883 337486 205403 422732
-716198 72723 250901 317466
-960635 173589 -934059 287612
-421373 -626424 639466 -578106
35889 -172170 787733 644197
-673791 31641 818869 227492
-762750 676670 977958 864444
-737396 319821 892299 322832
-65401 -501594 854090 -37648
-810390 -906616 -259681 705530
-169485 -925719 315123 -36944
-354276 -455408 747130 436539
-410249 -513164 692507 462392
-454350 -708648 895901 938939
-838218 -912090 458441 -248755
-627309 -522800 367700 617661
282824 -514591 520019 681448
-368235 -962122 819218 -540966
289246 495678 464294 965307
-684704 -436106 34899 605239
403190 -323497 520142 126971
-909852 -341588 -816181 -222342
780503 -866732 935308 305057
217933 -845694 345240 987417
-670254 -10337 789905 427532
-611707 -795266 5129 -247807
63639 -166827 976116 -105422
-517371 239370 248005 385590
-553158 -334088 929137 327059
-196004 271018 138348 843498
155344 -319597 561813 264982
678424 489511 874976 864371
-876880 -148160 -181001 391011
-195199 -399021 317993 173154
-801204 765485 543500 778058
-501751 -965253 217338 914419
608705 -703890 731482 720159
-935370 -359275 364372 918325
43866 327176 954786 428939
-628953 -387067 -404704 811266
-567635 370823 321296 656193
-374156 615784 195435 998250
-876903 -1212 504024 818511
-264527 -454201 782328 285626
208912 257371 906669 386821
-638248 -763058 -233130 990026
-852910 -579245 100976 837945
-229115 -168539 976064 247962
-144188 -675985 330870 -484830
-970572 -500556 517965 902608
626249 -907589 846333 -212585
-300288 -958146 744232 -319667
431031 -823900 926730 857050
-406480 -94552 917788 35686
14834 53133 420078 757328
332337 -195642 802196 2308
-141069 122647 748402 620653
657203 196312 698997 609677
-929582 -849899 308467 -764359
8515 -217020 812272 236701
-262968 -290030 255865 545455
145192 -510422 370499 -430323
-801585 -783944 476374 -461760
-904707 -775422 16443 -67768
729654 -465591 738672 -257499
-719524 -467215 303735 -41519
220918 -123585 314272 872163
-156109 -627646 185988 -489548
7415 -717725 26733 14870
-671718 -704812 -510760 -467656
-813656 -303033 947012 841400
370650 -494956 832429 858923
-714658 -964564 304019 -726498
-778997 -98505 57423 743139
-992855 -975290 29253 809164
-149884 314130 -37895 444072
-863657 -713136 -551318 757171
-222314 -483007 319884 -225107
6204 -507139 610407 582530
200115 -776553 573312 454760
-760046 646237 -599653 693563
-725198 319318 -176047 872606
-952422 -617657 596134 559325
-494560 -282875 879086 53887
174959 -631729 391003 -438780
-926534 -979641 108466 -183225
-409172 -828171 363260 -520294
-914737 -341066 653640 -284889
399821 -671358 707521 -398340
-296456 -994941 193364 13142
-962947 -226790 -21705 -186684
-431746 -440765 866382 874593
-980424 -680918 -468059 -645449
281911 171316 529853 559420
168759 -645076 577371 443037
53006 442522 77113 610587
-417503 17172 981350 124768
256657 -348149 538316 -59850
-149063 -280777 172196 -90324
92741 -406239 581707 -256451
-618406 -234255 97850 366054
-847161 -487387 488978 849457
-574288 -416509 -51367 944076
-799755 -48012 699455 321129
-193841 -216911 792770 10573
-526405 -603959 644674 -362208
82977 -791232 765568 -199628
-823752 755185 -262186 776827
400375 -274080 517043 906321
-659552 -991234 538074 -92573
-307383 -870413 666089 202856
456114 571156 934906 701525
-288386 -441134 551786 277013
-613611 -765971 526991 823840
-885802 -880460 -817889 421026
-373531 -804501 219696 231933
796944 127887 916688 169531
32261 336540 276929 695130
-583720 -538550 12343 -329114
-488767 -924412 -333756 -608024
-313969 -924344 943207 -428430
162248 655094 789686 862499
8320 -943477 936773 599704
-917124 -337851 124447 -265523
-622744 -650377 578689 474839
-298144 8146 39520 134880
-559640 -967873 281708 -8028
-318538 -148971 645665 729763
-847917 -941244 296660 142279
-835629 -657969 -289124 568354
-380568 816706 700860 961630
85609 327276 710992 379889
-51405 5378 346160 559371
-486855 195957 -351526 644170
-757324 -430781 -79912 -424607
-918788 492510 348349 761931
148124 62876 775887 387749
506375 -814813 685651 -114954
-848357 -161743 604159 -32911
-480300 -698458 -117189 -356406
-849655 80584 375118 86161
-691541 -607280 -135002 913408
-505512 -264952 -352547 498366
-907856 -947079 -841548 431321
-379294 408994 706319 479021
-685647 -350230 -146755 472575
231144 313374 233325 330573
-513971 -4307 56900 782193
-617561 -17841 689434 715371
519502 -316446 765595 497264
229997 -204168 856513 925418
-695873 -750112 125268 28229
-394029 -582776 -90725 167513
364195 -690060 540294 16488
-437482 467742 14440 615210
225170 -865267 249726 457180
373153 -611741 883461 -18794
-832190 -90215 133607 196836
386231 -269960 428216 37233
-403242 -701829 957173 377118
-533618 563880 798235 713815
-365112 -669134 296960 801277
-435964 -9552 965842 902992
-672370 -481650 -498873 800094
-752911 -986927 19574 243518
254697 -916136 336288 -85776
-443219 -489089 600002 741785
-504864 -111199 -164462 68801
-890332 -816757 137535 -114919
-897305 -338803 38288 123066
-730936 704400 646332 879347
-926110 425683 -266051 454981
-465659 77395 393242 877814
-740833 61912 -395620 343234
324609 -956395 571699 721365
-899383 103855 251515 640782
424682 -425008 631231 821367
-448331 113499 733878 734760
-606207 716676 992170 720422
-399108 -94474 214788 101265
2531 -678769 993360 -85523
-915252 -525570 -735356 700049
-722354 -304443 795120 223487
-554092 -523078 -524117 -132557
-865820 -898125 166021 214311
-268752 -730083 342213 -526689
446392 156267 978012 867050
-575951 406818 8877 808739
-424931 351271 289261 542333
-927262 -212728 9179 408286
-612297 -155178 261137 295008
-213634 -101490 499092 915714
-383643 511179 359921 979944
-739933 -812771 498105 -267993
-859524 -63252 704075 101228
-909233 -557141 -801289 387365
107856 -488111 195556 883637
441205 263023 781633 470507
137428 -368910 171588 234232
-529780 -155189 63092 287058
288081 -696935 821273 496884
-184987 -510664 901240 -293822
-477251 -107083 32631 100285
218421 -932130 414176 -517385
265573 8128 597591 456029
-600622 242752 518546 602504
-786319 -748411 -532212 327030
-422550 -926454 237150 -569088
-955553 -583941 -954605 -383246
-924876 -938097 -417126 -193754
-769272 -597090 -291835 836477
299261 -865141 637395 215983
-246202 -999696 215204 -563400
-541688 -302169 512336 272859
-263720 -464161 768727 605508
-650919 -229228 791006 -211324
-843848 -474529 549560 756551
-339939 -432344 51742 110050
-909710 -350184 -368440 427289
449174 -611711 593226 297072
-370338 160161 169910 220807
-528986 -822075 555511 -505055
-465125 -266389 -280847 871814
-715233 129114 -630534 879905
-612296 759219 147378 845627
-33811 -478286 666771 985353
-156746 -470854 490209 892506
-365350 -43247 487709 560662
-468116 -750012 945143 -196185
-773164 -871688 -483555 772912
-902039 -226670 134200 -95626
-447761 -6023 -295866 116491
-375941 -254076 314719 844859
-981205 -236581 253402 868617
148216 -83829 336255 649624
-599284 -632836 771376 435570
-181252 -213784 -157365 459903
-431373 -327736 717160 825565
668166 -71404 895985 68341
-247787 -244589 514704 -97077
-593414 -872101 731816 -428807
-641661 245548 -166131 965404
-387412 -636455 485027 192586
-860129 -99726 700624 854292
51205 427947 916908 944022
374382 377309 656885 664736
-786247 -24033 -479939 -7035
234284 -285307 471252 926434
-42763 -137024 133653 686629
-478128 -772205 742750 -587611
-995384 89700 -354895 872359
-425490 376729 122047 915005
-508300 -625990 642540 -385777
-731024 540410 790231 721309
-524777 674761 991616 896917
-983124 363683 -272654 816628
376177 126390 465687 261326
-921961 -700052 -830766 187189
266697 545206 377468 972421
-478365 -453863 610173 630048
659930 -983525 713179 824440
92229 -463163 134443 367932
-479913 -393939 -79003 67709
-694668 -549718 569064 463595
-661590 -447580 -488423 824982
-451484 -774523 -216708 230478
-990194 -467316 929213 -410296
-204878 -40408 38848 36551
-946897 321869 -758233 477848
709398 488042 829790 671895
-590217 -193081 -86785 269426
720702 -678143 809366 613682
-887751 -955199 -416200 144841
-552977 -788243 564378 -16577
-909439 603028 -888187 863998
-573913 -117897 501984 231099
396113 -902261 553088 266568
393620 -986626 837576 974921
815766 -570269 817846 498499
217766 -837994 611048 157290
89114 -677071 999355 -331667
506236 -816393 601533 186704
-354170 -731734 754519 803289
-949711 -856408 787548 685891
465647 -462306 711663 736833
-54427 -919867 366489 -792726
-214823 488160 -184771 574622
-904290 -188078 720028 889667
-885077 -557279 -523145 -386067
-972082 -946960 -230910 201131
-716320 -127814 -236600 420912
-908638 -652879 814246 687255
-392809 -900225 395990 -610212
734660 -621759 827023 -508737
-705655 859784 -232909 900314
-513779 -779840 -380175 -18912
-163512 592649 814196 915950
-579649 -630402 404036 -309228
534910 -544431 791276 760897
-514909 -447941 895948 699617
772283 -11426 873384 428897
-404914 -900569 993574 971478
-618644 -785493 -206115 -655547
319873 717982 448239 900207
645901 -235330 913621 -151441
244734 -104733 802934 125051
401013 -280218 401169 465449
-20970 -711066 626944 921766
17634 -881730 732850 633278
559427 -760868 776427 -636577
-919029 -738400 -539098 665946
252951 -187409 802015 605441
-512116 -679659 464092 -157098
-114640 51061 231566 66508
510376 -139365 565571 417185
-431066 -995158 431659 980793
-587502 220870 -510733 329319
304373 -486424 475665 -416836
815624 101760 856240 183847
609147 -284301 684465 81421
-299128 96107 942933 801033
-714281 -858143 -459623 561377
489236 117761 713824 967504
445984 -396616 524104 811388
520523 -78770 713441 877986
-81164 343721 837639 841837
-461983 453107 -231832 772362
-785143 -813261 376304 758948
-89056 -729054 235994 940687
-856893 504611 -705507 621286
