44
21
134
43
204
41
190
9
109
93
31
292
34
83
94
93
153
14
142
124
86
15
155
23
33
35
187
131
204
7
28
67
193
38
149
3
13
124
93
154
10
114
19
134
15
20
244
38
33
354
367
87
55
39
53
12
55
66
67
89
76
81
27
142
24
22
25
67
19
65
30
120
11
53
116
172
368
65
3
53
221
120
3
4
57
223
67
221
171
4
64
30
41
42
136
125
32
184
25
14
57
179
49
21
41
9
69
14
51
41
80
32
101
140
39
73
94
23
7
86
15
46
88
112
99
203
119
74
116
114
14
21
14
49
159
63
17
98
127
98
22
27
133
63
147
7
67
11
54
46
178
34
76
80
9
186
16
262
32
208
242
44
26
6
61
50
58
219
1
16
24
9
3
386
57
35
46
17
27
44
2
38
89
20
240
54
31
11
67
27
90
17
62
77
44
23
92
34
0
13
19
91
242
178
10
182
78
78
353
13
10
76
91
88
49
149
29
3
169
98
93
140
18
55
51
2
7
25
89
46
91
42
109
1
30
98
164
155
28
159
153
26
69
36
35
30
26
323
127
131
3
80
46
106
11
96
395
90
271
78
94
10
37
17
23
115
141
94
74
12
129
16
48
33
4
26
18
107
64
41
73
51
98
118
197
55
115
61
1
166
105
27
46
20
32
39
232
78
31
296
33
47
12
34
0
26
21
4
87
5
138
46
11
6
49
7
64
67
36
224
153
0
18
15
18
56
74
51
192
55
91
42
94
209
5
6
246
177
34
70
46
13
45
123
2
91
211
46
96
24
132
225
95
6
5
154
95
73
47
44
29
27
14
133
98
43
117
34
15
22
96
139
59
186
94
9
7
40
23
20
30
1
54
19
32
49
52
198
86
86
96
56
35
10
6
124
224
106
23
167
235
59
143
31
55
14
108
191
4
149
90
80
76
32
216
176
243
20
174
74
62
17
4
155
135
262
90
181
99
57
86
56
9
105
12
21
264
16
246
20
208
212
155
57
30
82
151
225
10
61
54
103
25
71
135
105
14
165
60
155
95
32
38
55
78
79
40
39
90
146
10
159
61
29
64
160
16
21
71
334
17
36
14
123
144
179
3
89
4
36
168
85
70
70
174
10
13
41
149
0
20
50
107
30
4
117
25
7
34
44
53
20
17
31
78
97
4
80
183
2
46
38
515
15
346
117
192
49
17
14
123
111
131
8
142
7
0
146
85
4
58
14
40
83
56
66
29
222
33
44
93
56
43
6
4
32
90
57
58
18
19
146
48
51
63
160
106
117
0
176
2
328
19
297
262
195
10
91
205
72
10
41
7
61
51
79
382
6
24
93
233
140
31
4
155
104
143
9
25
71
75
172
28
98
83
119
18
107
121
142
171
358
7
9
213
8
168
96
317
20
119
296
151
4
49
68
138
28
28
18
62
8
17
17
11
19
153
23
45
105
68
4
219
254
5
1
71
153
73
86
15
83
11
78
110
75
66
85
1
0
8
82
19
251
89
117
202
107
40
105
11
41
3
10
112
46
67
9
68
162
89
154
169
347
142
181
81
82
28
123
19
5
38
82
105
64
8
25
133
50
44
19
59
48
0
240
55
249
18
62
35
49
190
117
20
143
224
67
18
327
39
122
141
22
66
20
82
12
15
52
78
7
68
107
5
69
43
11
19
13
297
111
38
119
275
5
96
34
129
98
4
63
269
64
15
131
43
11
21
97
5
274
3
26
99
4
19
19
14
15
76
291
131
82
31
50
74
2
48
174
175
12
99
310
47
117
2
24
24
16
101
30
234
7
216
10
131
137
195
116
31
8
47
22
0
64
36
31
24
25
1
160
33
48
9
75
1
90
154
47
128
107
51
35
10
38
50
43
12
222
33
180
206
63
157
32
222
11
122
56
47
3
130
22
105
97
68
123
4
23
84
58
108
10
182
24
68
42
22
85
56
135
69
116
42
34
55
15
21
43
116
39
19
19
33
69
65
43
3
65
125
79
39
84
185
7
270
45
65
40
9
62
60
26
18
194
171
88
123
102
19
6
136
210
41
227
16
221
6
17
103
67
122
234
81
19
1
75
51
41
90
56
49
47
57
56
4
32
17
189
54
32
32
205
58
59
19
5
8
7
44
41
88
140
9
55
56
157
21
79
49
38
281
402
68
9
3
274
14
132
51
348
39
6
8
29
55
63
76
241
15
403
11
8
2
21
18
208
195
9
100
82
86
2
19
299
3
5
1
11
146
87
43
45
48
88
20
300
132
2
