1000
46271 83167
-23938 -43043
-7492 82390
-74505 20297
22090 -73698
23485 -96672
6999 47892
88976 -91217
-707 -54130
48053 -65202
48978 -2960
99789 44901
-2699 10841
-19880 -53250
-77446 -43823
-89236 -82523
-28521 81860
26037 -21746
8689 79605
-84692 48338
89298 91647
-98148 64154
27264 -36189
86950 -74005
2235 55443
54135 87635
9661 -98795
-53124 84459
-26502 81431
-19668 -37932
53913 -3551
-58450 16742
-48269 -50640
82257 -13485
33416 21695
53497 -4826
-71295 -4789
3891 65696
-53816 -26156
-25496 54423
87036 -50873
19621 59881
-68074 57873
-9776 -6650
-36158 79008
-30159 -22082
54360 90471
37352 -57992
-55658 -67775
94947 39023
-59449 -58467
-12614 94175
-7477 27180
-86417 -54862
93275 -48207
66033 -87736
-46521 -89075
82338 -98150
33380 -67623
-66943 17057
56920 -82718
-64743 -87063
-20915 7845
-16907 65138
-57130 -29101
8729 4143
-28347 6319
-86616 70808
-91960 62491
-49039 -86767
44721 -54253
69061 -11001
55030 -71461
61952 -12346
89447 89015
-51838 -40171
-83586 -80278
-55957 -92016
95383 13216
82291 93767
26324 41238
98461 84656
17508 -18897
-21258 -82209
-33364 -54952
35520 70221
35231 20655
-25780 -90104
-9296 47593
38591 15530
-30503 -21865
-71044 72326
-27230 96395
57606 97743
89288 60685
-83713 -1476
79950 -42653
60424 -4504
48139 -8826
-43282 85283
38329 -95896
-80637 -96097
96277 -61240
79917 -1913
69134 -87817
29840 -55418
36751 -94585
-7655 -7299
66238 48909
24015 53053
76508 -451
-87423 81152
31459 42467
93084 -73929
-83123 -86349
-67522 -24742
30238 -33255
-51826 11797
50752 -78089
-43451 91719
-18073 -79632
-4505 -24755
-96515 -98853
38315 -59448
14131 66975
86099 37070
-38579 43840
-93659 2402
9550 14459
4171 -37026
57363 -15883
33201 90376
97261 87332
38323 4858
10010 48609
25831 -15912
94071 88785
-74965 41666
-36123 7016
-27458 99320
43421 -56367
59614 -33432
-50805 17794
-49112 55287
94606 75383
94142 -32868
-76977 49172
94718 -78130
63378 89750
21763 -55364
-43562 -49401
46270 44448
-93625 57021
49509 -87817
88321 93451
4911 4789
32941 77060
13828 -2210
73878 84246
-40669 -35797
-97862 -66038
-14638 75999
-53215 -10450
-10522 70305
6685 -69704
18074 -88200
40343 -31304
-96253 -30589
-79357 -88175
28218 -51216
73882 89427
-53738 -84823
-13783 14794
97520 -6475
-64616 -88308
43183 -78214
-93950 -84264
-68578 -25718
31643 28357
21513 29239
31832 40729
-10065 99303
-60561 -85362
-58545 -6402
-30327 -92165
40853 31232
-79833 40800
14852 -77351
67034 16727
-88467 83867
-86428 87320
-76999 -9129
-91615 97201
-42777 68199
-53584 -22125
83481 75881
-25072 20588
24891 -91131
-1876 -18710
42450 63671
90496 -34055
-61788 -6965
17826 91759
49055 -71110
-36060 -98428
46080 26118
26164 70979
80115 21019
-16937 -54399
-42709 93272
88601 26053
-34560 -60947
99444 36010
94467 -69626
51425 -81394
-68764 -21343
62473 -86427
95647 53704
-19840 -55158
-77910 82039
10139 -55971
27508 6752
58212 -31287
-88323 -476
-26344 -44506
76899 -69797
38210 -42065
13811 -86146
87889 12511
-38766 8785
59833 -96411
-21580 72402
89016 -17643
-48421 -54308
13723 -12313
74771 -70749
36230 16753
-50119 98365
17732 -82171
-25058 18597
98273 94974
42555 79766
-88288 -45321
-10407 29263
49929 -73740
-80884 45186
-42361 -12578
-9458 7993
75237 -75129
68302 -37844
15191 3895
56154 5078
24606 12100
-31466 -39707
-88810 -3421
53815 61689
-24376 1901
-79674 64932
23339 -82493
-50493 -54728
96436 54601
82163 -88485
-7552 36589
-80646 75259
61837 -26397
2889 -93962
61367 -31943
-94774 8312
31071 -13254
-30096 49814
79344 -43571
70255 91555
-70706 82754
-49646 89988
57125 26363
-9164 -59685
56197 71748
59616 44818
-44372 -92974
72777 -18539
99882 22725
60738 -10756
-70222 26845
11213 -49369
-42148 -70362
75552 -99356
52543 -98152
50678 -32725
89860 -16994
14051 71536
-79439 23929
19210 43945
87028 45755
92710 54317
31071 -41321
70554 98642
5704 93791
-71692 83306
52020 -12904
40024 -36156
-43804 24086
-10067 40391
68923 -72931
-29539 96610
92379 98811
-65494 52491
-22150 -29408
61564 43002
-38432 56386
-84172 65411
67502 7535
30601 -63207
89718 -46173
-56606 8716
19207 29944
-84186 17008
66263 37189
47656 61545
-27820 20373
-67443 97150
71775 -60196
-93731 71918
-2011 -16794
-56608 -21833
-47382 -11989
-89221 31647
-96880 1289
50955 -96785
24615 30738
6670 -8069
64786 -46268
-48478 92438
59531 -98636
39613 -68596
-97911 6588
90130 69994
-20098 -66167
-92026 -83037
-16305 -57606
-27456 -58468
33669 -20815
7730 6115
81981 -88756
64541 58569
-67887 -696
-39296 -26615
-68433 24247
-28187 -12188
-88137 40221
51564 -88757
99342 -61599
39946 79460
-37180 12000
-31811 -52439
65863 10984
-60384 92297
-45306 -52138
-22666 -97377
19935 -12414
-44455 -93704
-99441 9221
60292 20821
-98500 -24560
-59855 68984
6653 47856
-58634 11715
92603 -48062
1198 -71452
-89396 -89624
88996 -41382
-38926 -20829
-2174 14268
12849 96908
80313 -45165
40472 99667
22060 19201
-93978 -3338
11074 94665
6772 90407
57456 -11764
-61916 -33473
595 -635
51696 15131
-89205 92697
-43224 93483
-10601 96666
38575 -12273
-77957 66047
89734 2575
-76323 16254
-21668 -8355
-30686 -5386
-42062 -77379
22826 -22002
52451 -14105
-48183 -55189
-19681 -25455
82532 -29607
-88833 84808
84645 30414
-89577 -87819
52155 -99908
6570 87795
-97899 84400
80296 -88199
-86936 -10085
-38682 -9686
81262 23298
-92021 -60830
37220 64652
-46278 14948
-64768 21060
42140 -69258
-21982 -13821
-21215 -34759
9881 41063
-1607 89245
15531 -5017
-4001 6119
-74495 -63195
63120 93845
-93802 11232
-52513 98443
-50152 -22650
79426 -97380
-151 -12724
-29441 50963
83753 -66256
-1542 67694
198 -45835
-2289 -43280
36279 -82219
-54193 14939
18048 -51244
5934 75070
9773 87458
2845 40191
24145 17361
38956 16975
75881 9542
-18908 -9987
21378 -10437
-51390 45278
1003 -68549
71291 -59368
-88529 -95687
37698 77105
-50435 -48190
-74910 -61720
-79856 67654
14220 -73166
42177 35897
12514 93467
-82017 -94553
-51717 8334
27093 28870
89725 48315
40785 17766
-19071 80736
-69589 85247
-69484 25412
31121 81469
-92947 39585
-21897 -95868
36970 -65444
90607 -10958
-15689 -92134
-50223 -70835
77918 39021
-57131 18831
24266 -134
-26671 47509
86623 -39718
55810 -31078
4123 37437
63374 -93150
30553 -11051
83466 -21955
77153 42408
-16312 -10699
73606 -23205
-78275 24551
-97442 -94044
40813 -28437
-80800 -10514
76677 56226
55408 -35450
36801 93446
-15732 -23737
90697 -97433
-2473 -11102
57679 22953
-4188 -81916
-17303 -54757
-74990 73387
-18749 -20815
23584 -56909
20070 19670
82615 26177
61019 79859
-33724 28957
17263 -1878
33777 -77158
-85151 -73865
17030 -83599
-2499 82841
-55217 38833
82457 8100
-94758 20356
-19505 -58260
81022 79498
-69798 12136
-33366 2015
-12293 -77710
-95123 86976
-58827 -82553
95972 -63698
-77616 21611
8764 -81891
11725 -61442
13057 -88976
80933 70748
-27022 61915
85306 55065
-16561 -6642
51335 38567
97594 -49056
-13695 39925
19514 75333
-73706 26760
95327 -17463
83887 -7699
-97349 -96249
25105 -88153
91893 -79197
79549 36404
56043 53644
-14562 -61084
42876 -89629
-84966 12945
19604 17872
26382 85982
-23602 -81426
-319 -52841
-20217 81935
-99750 97446
48701 31175
-25794 -14530
38382 69313
-69299 -25237
-78024 -47456
-89685 -75694
6093 99021
-70777 -35538
-27433 22512
69591 -36935
-72903 20070
-58786 4988
-57323 -10798
-50685 -76000
13622 70758
69161 -15766
11299 -90282
-50689 14365
-59347 -79542
17590 -68798
7435 5102
-72066 56697
-90769 49491
-3292 80726
36400 -55600
-85479 -20531
90469 -71719
-44093 -54164
39511 -26461
-72130 -52472
87080 15628
44967 6200
49559 -33348
-17868 -53894
-45578 -11922
-43996 -85531
66595 -10031
-58684 24203
-22866 -63094
88044 91963
97021 -14164
-25925 77854
-98438 44398
-73837 99267
23288 78018
-41285 -46046
62255 -39707
-61059 54702
38618 37566
42388 -72550
35995 -42134
29175 -98485
76676 -54779
-90209 -51274
-94274 90599
-96253 -90968
-15800 63919
56924 60781
90119 -38883
-10784 -29329
-80318 -14271
88846 65131
77240 31839
-7801 -67668
-2705 66563
32806 74618
82403 -74722
1495 -79318
49549 38287
-61384 -88751
47352 -23891
7289 -44444
-73116 -6056
6108 90116
22041 675
-9130 39867
-37450 57601
-459 -72421
12178 -36615
78645 86481
-64732 45603
-24309 74433
59359 -81862
1350 -34769
-58561 -60679
57728 -7916
72634 -58548
-91010 -70862
-19401 60651
-78775 -6804
94979 91601
-36121 81401
33978 -33582
3313 -6632
97612 81690
-51367 -59675
52331 38652
32353 -36979
-92038 44133
-99381 -25156
-73760 47395
-15642 -87095
96484 32279
73538 -9682
12205 4877
30286 65256
-15752 96380
-70117 -1278
54756 23136
44068 -21724
-56213 -13409
-10493 -35538
-54770 32334
93672 32385
-81680 3505
-37698 -9396
-63953 -7689
16693 -3243
15872 91362
-46452 99027
-73771 -47466
34449 55568
-53542 85965
-92015 -59680
-91761 98808
91843 57454
-20878 5751
12587 33165
-99635 -74901
-97737 -70584
-55064 62504
97027 8527
-28408 72815
-81194 -71874
31367 -84577
63610 -63869
-69961 -58399
78370 15849
1974 67162
47615 -91885
-4482 -59038
-7062 6325
88834 8526
-68250 98134
42551 99105
9271 -47225
-50452 -39023
54593 -37325
-8092 26888
-48264 -50105
97216 -2013
44430 -26645
-38574 -92140
42666 -20033
28284 23006
66174 31264
70669 -58762
45604 57475
-20839 -44962
-86476 -151
-66964 -71638
97543 -4755
-51869 93630
86526 -48252
-79066 -7884
90691 31853
-94671 -16003
38498 -34258
-47368 67846
-58943 5573
82655 92641
-41958 94723
-46871 -78129
1314 27490
16238 68387
-94162 62505
-87649 -5224
99096 -51994
20860 -77430
66110 -57456
-27236 53133
51548 -31455
22648 -67268
71431 -9749
85567 -45560
3241 1595
53767 80727
58233 -11311
23554 65205
38522 -95796
-29472 -90717
-85750 30695
26833 69585
65588 -33928
-11723 58714
-84512 -49705
-82326 -28916
-78887 89944
-7388 -3426
66413 -66130
-53942 93838
41750 62524
26181 26094
45321 -80776
-56170 59216
-31674 54168
24322 -19840
-12234 -68598
-3485 -52067
-49222 -25195
85957 -31539
54082 -50603
-36244 -46043
-539 -54758
57069 -94618
-69873 -81686
17770 -82762
-47127 87767
-81827 20012
4478 33227
37958 53477
12351 34696
4573 15614
-38481 -1355
-4682 -45503
68989 30082
79255 -23557
-58465 -57611
28492 -97628
-52075 92998
24647 23218
80004 55653
-318 -9134
-14613 -12776
87484 78666
-98252 33520
34133 -89419
27390 35871
-40613 99821
-44259 -69045
-65871 30000
21378 -15210
85652 -31399
60761 99488
-36963 -239
-48490 57760
-47982 -26311
-4940 55943
-10788 -62185
64899 -40373
-712 23114
8596 -54047
-61703 -176
28650 20727
11534 -95909
-50035 -46179
-55586 39903
52008 -3490
-98529 5442
-71834 89523
-92402 24956
34460 78973
-45553 77897
28980 3772
-65766 -90769
-45344 -47148
-94729 80789
79972 -29376
-85529 -35683
-82150 71121
1823 5813
-67777 -84633
-58490 99460
18721 -68428
-99529 -32121
37134 -63287
-11159 91549
-77518 83781
85823 87064
14964 -18916
-45389 -49459
-98772 76328
-30916 -55587
62545 -11082
-25573 -25862
68197 -23074
82149 -61624
18315 -48160
22303 90853
21356 -26480
81689 -99500
67160 95844
66478 -76778
-7507 -39941
-73185 -90967
36673 14998
-82990 -28136
-87939 25085
38278 40218
4618 77383
83501 -66650
-8970 -96697
57313 97690
-24173 88190
-18149 -27173
84613 50339
-50305 -95680
-90308 74202
94632 47188
75761 37465
58252 18926
30804 32790
-74462 9059
-11554 14874
-99385 81037
26803 -91378
30146 -38311
-66015 45985
84587 -13837
-68472 48609
16810 -73160
36338 99349
80815 10013
34280 46543
11812 1371
-94935 14960
51974 -87351
-21336 83905
-10222 32194
-54336 -57474
60088 34186
82975 57906
42527 -82999
98367 4338
-67132 23037
47694 47028
-64887 15076
-46855 -75613
-47442 -32277
-93366 8660
-22939 -24734
-96801 38365
-30385 90587
1056 98527
6582 51794
-19424 10920
-71144 -81404
70574 89617
73133 32733
-89721 68090
91328 94627
-26631 -65317
99853 83983
8783 67055
61047 -42852
57071 1370
33262 35287
-80208 -50610
-74393 41143
-12532 -74318
56615 -84939
-46490 7687
-33990 35620
84017 39144
-3692 -81931
-58206 -32508
75911 63280
25087 21838
-17555 -59576
90084 86197
84823 -67776
91898 -33651
-36679 -99930
2044 90339
-88371 -1396
24184 95619
-48106 9074
-37450 30533
-81774 -43289
-71532 71733
-69936 -77469
-37376 38962
72032 -17646
29957 -39578
52184 -64233
-74808 50846
53254 -18241
5556 49292
70448 76371
30723 20120
-14364 1914
57047 27929
-54057 -51026
50170 -81532
-13672 84133
53017 -76341
-68423 -66182
-32950 69710
44561 37004
-23377 84792
-84308 27139
-90664 8720
-53791 73347
54484 -28745
57768 38111
29701 32965
49627 -67091
40794 93816
-31214 -3134
61987 -51731
-51787 -1932
9108 73604
-19369 62622
5666 -36328
93420 87272
-2549 28322
-78933 2629
-13381 -72222
85262 24976
88779 -75784
-84899 68797
58649 10507
31034 51773
82125 44028
76263 -70022
-66450 30953
46777 9640
-61539 -91199
4809 -46000
-8645 8448
93126 -48191
16431 -7448
92394 -1673
36038 30477
-19213 -26588
-74918 -12759
-6545 -15592
90292 53267
78197 91942
-44534 41351
-39483 52209
-60983 57074
-21371 -76539
93203 71122
15380 38681
-97327 98425
84071 76064
-49036 74880
-9624 91485
-31741 -30599
-21587 -31130
-40082 76928
-93739 691
7912 63523
1000
68763 76753
21101 38817
77612 -75402
-77555 46144
72236 63940
-59524 35451
-12490 -49894
97932 71928
32487 -38528
-62187 72014
96029 98853
10090 -15613
-10778 94224
36835 75745
2963 -14855
51705 86167
43874 -88593
29360 44162
-82395 -24642
17614 -74185
-42960 -41850
-42088 40992
-8213 -28206
-89751 -76603
-86973 -75874
95175 36286
76380 -78323
68127 35297
80746 -10953
-25296 -27925
43861 -68836
96676 -7102
-98265 -32776
-9540 -72733
-41185 980
22648 -88540
-11287 65498
76191 3801
-24744 -60103
43217 29016
-5382 -97123
-45414 -3583
36675 -30861
-34440 -61998
73721 6847
46868 -57368
17803 -95289
36869 -47742
72289 71765
-89872 -47034
-90601 41877
80314 48450
-85633 -37042
-25179 45880
-77315 -10977
38505 60776
85108 36603
-43664 -1302
14564 -50066
-21278 92832
-9028 -11966
77275 -17889
74603 -37458
85567 -27716
-28755 4039
71402 -78171
-88618 -60304
-85270 -12343
74065 -40261
73187 11661
28565 -81914
29117 -4685
-29727 -82662
-86661 -7370
-35504 13195
92002 -28257
63031 25992
-4824 -18281
94753 29604
-55653 23985
-59050 80410
-72155 93925
18746 -13908
-44187 94944
11940 3837
25585 14766
4433 53609
73402 -91874
10348 -89159
97156 -15911
52604 -39777
45188 -65591
84554 -94321
74672 -50016
-56595 26986
33855 -80714
-86087 47978
-81567 -50906
86993 32462
22931 -37256
40760 -50116
92466 -54896
62234 6896
36423 -1898
-29992 -40999
57414 -57249
8858 -21194
-52341 56746
-87821 4845
38131 21913
84870 -12422
-70438 39840
45398 -11849
-7976 58288
-46232 -57992
55939 63334
10278 -25990
35625 7176
46527 -63548
-32633 55039
-73744 43576
-83187 69248
57231 -20305
3678 22520
57375 -7893
83105 -40591
61195 -55160
-76645 62935
92574 -79224
-96636 -81054
-82007 26824
80788 53726
28346 89920
-36349 79294
30591 15782
26689 26413
-65776 -52118
43316 -7665
36501 -34991
-63977 63944
-80599 -30340
-62846 -42776
76551 18365
-46256 -55773
86496 62000
-40409 -87403
58103 -78073
-54354 -71449
65632 33369
94512 -76905
-52934 -85222
90970 -74889
-63271 -2893
47880 -60544
-58375 37534
33143 82750
4216 -33824
59504 76531
-19607 74862
92052 -80572
-10160 -3432
39365 -97840
-89027 -5671
1714 -3491
26898 -97317
-40516 -76655
-639 95332
72568 21963
-18103 -85663
-3563 56722
59788 17387
-89795 -35996
2990 -72064
23761 36540
25246 -47690
6729 42968
79224 89040
-24002 -57477
-26488 54314
-77177 5457
89697 -35594
84377 68794
-9674 18707
-51540 -77613
1364 53813
75808 -50748
-17023 -11051
43108 -35276
-12787 -99186
29483 -88314
-28448 -88459
-72967 -79140
3479 -26747
-22937 -99783
42264 49030
68055 -14599
2595 -54646
-70254 32764
-90563 47347
75231 -60349
25761 -74749
29783 98524
33421 -65300
-86185 -57464
-12051 5790
-29645 -85970
-48120 -36903
-90720 -1093
75918 -25217
-31993 13794
-58818 -23707
-83434 -20973
-11762 -92464
-18595 71929
97887 -83140
-70804 21231
68046 -80181
-35686 -29085
1843 88481
-37044 58673
-98421 -32584
46071 -98723
-73935 -58255
-75295 -63974
85390 53949
2959 -81270
-69512 -23516
77718 90430
-20444 65392
-42800 5523
-25046 28065
-38541 -78699
57238 39100
47710 -42056
-8098 -19988
60380 -91248
3354 -53170
-87612 46954
75735 44486
-47708 37386
-51153 -32158
-99720 -518
39439 -50458
-17084 16033
63894 -55961
-70182 11476
-87256 -47840
13370 -91981
-29915 -83949
49368 67156
81079 -24238
-82970 -2899
-8181 76375
50068 95304
-73223 61595
-81790 4977
61564 68558
58808 26774
16858 10098
53050 -525
6139 -16298
37681 99387
6560 56282
-84973 41758
48260 -38726
44605 -43328
53962 15045
64150 -72468
78182 51081
-88920 -97628
-94328 -95629
-82955 -30748
47950 71976
64262 -17169
-63803 46908
66614 -55635
-92369 35656
-9278 83116
-25781 60799
-14807 22748
-81124 11739
-1490 -25432
-10093 50515
43497 -27281
-15294 -84425
37557 -25549
5840 47052
-89794 70122
-6669 -41463
92027 32273
34405 91827
69752 17808
62994 -98570
49428 -38410
63951 -17091
37149 -29265
-84440 93936
-58778 69322
56662 -36750
-27943 -26149
42265 -61595
58376 19176
-16846 -4204
-99189 -64604
72196 -90895
96481 -22321
-9512 -95680
65153 37247
-15472 22498
-5605 45
-60768 16144
-44065 37941
-53266 -94602
-20233 -56660
-91821 -72695
-62940 34487
-68570 -16358
-84043 -76889
-44868 38739
-84200 27129
43364 55664
-66643 81129
17154 31566
69233 -21705
-51401 -23889
-19254 -56340
41708 -26473
59080 -27288
-48208 -23644
25533 49972
19963 -22821
74243 -70470
46376 -82826
-13265 43453
70506 4427
-18027 50653
62083 8098
-76931 26641
-34227 56867
30445 -74969
55936 19206
34715 33706
-41055 19324
-1145 -7829
27757 -5333
-10501 -69690
24596 -12805
-43132 -43491
-11473 59274
-22666 -73295
80545 -49841
77698 -49893
-77697 62540
-94818 -73085
33536 75493
-74209 -38503
-19577 25078
36227 63023
2651 -21492
7611 39920
51577 32926
69326 20985
81918 -11794
-1736 96196
73469 28471
-71935 -99490
-48052 -83609
38659 -57745
98212 82482
-92775 42208
-82024 -30195
-94828 -48843
37663 57912
20504 -34657
-98565 46470
-78867 28617
78115 5229
-43758 -45945
92730 -7064
42637 99289
54211 97155
-2291 35013
95470 83908
-57602 94069
98562 73815
52064 -91995
-3717 57832
26437 95091
58519 -56060
29940 -75824
-61283 -68091
-9075 -26119
-39207 40220
-94067 78178
-36794 71690
88639 -38089
-51922 39593
14646 64069
82746 22422
-58986 -39747
-72008 39616
37814 35045
-96102 -50190
37791 -43652
76356 63055
-63906 -23716
-66399 -27364
41187 -56882
-11226 -39344
99100 39358
-21272 -19630
68421 17315
-10844 56946
-91970 99594
-43209 -57501
-6225 61829
-16090 38112
-58909 70653
65871 98363
63083 28680
-19371 92288
-58275 -15096
-75879 49155
-8537 97136
90713 -68473
50577 -74148
97992 55790
-97188 44242
5696 -56093
-5042 -55109
90029 14130
27383 -93926
81785 -1899
-27275 -53657
97876 -79596
21290 82256
-66804 14602
-78674 -77672
98449 33290
-47559 -54371
64765 99982
-51695 21178
63097 5729
23386 81289
-37914 -70933
-95954 7308
26210 10575
96015 -36978
28679 -36975
62754 52667
31686 -54440
26665 -18332
16982 85824
-91431 7890
12603 -75406
-84956 8341
2488 78518
26515 -18011
96237 -27385
-72668 -73341
10168 79914
-63506 -83542
-89048 57110
55116 72213
45403 8020
41071 -19362
-49630 -286
318 -24229
-18366 93825
71163 -47415
45448 3317
-30349 -9719
23852 -67533
-39503 5124
28396 -56579
-30280 26473
-83584 50205
6291 -69584
29278 -91762
-25798 -62577
19317 -89730
-12547 -65555
-63328 12683
-28437 34363
85173 -54343
-71631 93506
98050 -67860
-61101 21921
-21284 -90179
-21179 -24185
-88011 704
-49942 -97871
1170 -97681
-82828 -84397
64239 -35415
-7628 -61226
29596 -32396
-59512 -41461
75592 58613
66248 92498
-78917 -26287
-66518 73807
-55990 -55520
95517 -86968
46765 29409
-46044 -89982
-21684 30485
21683 28060
18209 29754
-51394 10134
-41300 -59832
63495 58343
87921 -83863
-85009 -64746
-48322 14335
-91107 -47050
-8446 -41351
-39489 -42994
-22000 -30710
-39804 -58210
-95275 -37067
-80116 -58421
15322 -23648
-18392 20079
-53829 26244
-24307 -56058
27923 -61374
-68506 67873
-56285 52989
-40882 -39823
36580 -81961
63035 -83478
-40714 31986
-67773 -8390
65459 57342
-5877 47440
52564 -50878
76803 73637
19506 -27190
60574 13691
66504 -46300
60795 -44134
35177 -12852
9028 70421
-4066 34833
-37449 -83778
-2959 98729
-13088 55230
13127 -37661
-48341 -48603
-78223 86631
92749 15409
-86154 -83119
99520 83676
87519 33338
9010 -7247
70553 1620
20397 60697
-13744 43441
-88380 26307
-37716 75006
-99126 27368
50551 -40683
90777 -65470
93866 -25958
64359 -22535
-83409 13290
-28349 24152
-47356 35680
-69550 -21338
34603 81986
-91450 16062
-92388 16248
-84698 98170
-56517 96546
37472 12273
72448 52688
-62198 -48987
92128 -1550
-94693 -86939
-99498 -71928
38348 68521
-17104 71826
47356 97563
-30538 -30279
-17401 -26250
21400 -37636
-56813 99638
34469 -68096
81424 97352
94458 -75728
99042 -56938
-74348 31362
97933 -44685
58479 -35191
20116 -19798
-2278 13469
38870 -77585
-88535 -74265
33925 -85230
98442 -64372
-34655 -62504
-84230 25071
46390 -94321
-42203 -5003
-6834 -931
93034 -34704
-99633 -16503
4590 -67625
80214 -94949
81738 43230
-91265 3836
-5602 -46659
-73544 -17226
26221 -66435
77648 -51039
53578 51655
-77533 67558
-89304 -4491
-41413 -42390
69017 51575
37535 46745
87425 -86906
-41400 97966
-98929 -92064
42513 55583
-40382 94651
-16378 -16975
-36155 -37845
7417 20801
1663 -73050
45762 -63551
-41865 -9053
30880 -34996
10553 -4637
-3997 -90865
-45121 -94950
47514 -82312
64537 47187
-45761 60593
2487 -60180
-99973 83533
-27206 79522
-39605 16735
-12694 36184
-10513 66961
-30365 50968
-51549 15637
73739 -20009
61894 -91476
84422 -90095
-52838 -39340
-15292 47083
85039 -38964
-91541 -29216
-7683 11590
-14466 -61655
95241 17669
41603 -91442
82997 60152
21121 -26892
51112 -50959
-29995 12091
44079 24850
-63264 -39525
90854 -5486
43425 17579
-19998 74178
51054 -65993
-72062 -3186
-80576 6143
-61192 67074
-8861 81913
-60118 -99706
59241 -57138
13368 -48001
-97305 29092
43135 91287
-58595 61958
-76305 22397
-1676 -33794
-23808 -17770
-31054 16998
15202 -29287
-55968 -20335
40978 -99510
-46087 35059
91653 84937
42226 98552
-99345 -53202
-27763 74788
-84161 40288
-46209 -81958
-40744 -90703
-38845 74378
-77263 90766
89948 92441
55468 -74731
36196 47416
5423 95117
56995 -26645
2774 1795
-59128 -36912
-3370 -74513
-81169 63545
-72102 49107
7496 19289
-99876 15113
-13925 -47829
-88587 -87119
24884 -12632
39907 10501
68187 29772
-20813 -13526
-92081 -16643
1422 -89653
-5023 -68038
23163 56657
79219 -70431
43632 81831
93639 18287
5506 77309
95232 -89271
89830 -6740
-32778 -77583
49507 80146
22018 90605
48211 62541
6440 -33622
48695 -45754
-91650 -89753
22653 77857
-80002 97067
-49394 -27128
49786 29266
-70345 -94225
-42827 -53936
-91847 44143
32024 84879
1972 13496
8061 67754
18702 85524
36639 -49681
-34958 -93334
74483 44419
-98165 -90498
63917 10867
18803 -88628
96781 79752
-43153 4605
13089 44599
-87334 -72169
-37605 -47652
-88053 -49172
-58107 58397
26395 78857
49755 -5375
770 19843
-87661 -12854
66022 -4972
-31691 -68352
-63566 -41095
-29969 19000
-72848 61748
-90114 86451
2029 17778
59511 75659
-51182 -42042
-94136 -13194
-94065 -4649
-97218 1505
25561 4383
-60510 99580
59687 74022
-37689 -74003
20030 -54715
-92401 -5455
17991 -75512
96368 -59331
-90681 -5467
-79577 50354
27603 38927
-37071 -79877
-60902 -23701
-42963 -12795
-33712 -50499
43997 20706
-86051 80609
585 4723
-84147 81791
-9104 68597
41703 -47891
44837 87537
-48285 -50693
9134 5369
95877 -83968
-28023 -53951
66814 -7097
-80972 75943
99534 93986
48197 -20186
91225 80287
96372 -89008
-27440 -37764
-43722 71260
51149 71625
-2917 16852
71341 -52284
-42973 12282
-68886 92810
-97677 19279
20191 89009
36273 13568
98280 -63706
61143 34995
-41445 -4331
-26433 -76473
-36316 82228
-63734 57704
-34905 8490
-60063 48772
5496 84343
-98048 33137
-70829 -1278
14927 -70052
-92226 -51993
10753 94845
72325 80672
38417 43101
96852 -62677
-28477 -49142
-11939 1270
54205 32858
-14263 32317
-49934 86021
-63091 55800
-5934 -43316
-62587 -91581
89679 72714
11688 88602
-6280 -85045
-60792 -43344
47648 -88671
33930 -58412
5291 -4942
51536 5195
-51175 -57463
84085 -63997
-40741 47613
76466 8928
66418 -92312
2083 -73373
-34624 -84146
-9006 75014
75775 69241
-35888 -197
-63270 72887
36559 495
72651 11553
7043 573
-89301 70695
-98492 -56740
-53379 -35649
-57974 33708
-47436 -15588
-77879 7902
-52135 33234
-20769 2284
55741 45720
10293 70879
-5839 81076
-71231 -99371
-40303 -7366
-87179 7310
57726 -53296
-35443 -43713
-5600 -66130
38780 -68769
-63902 -15589
-78985 -52408
42981 74370
-69095 -41616
3430 -75552
4912 64750
-17198 -69790
-74961 -45993
8953 -13281
-80318 92404
90975 59296
79601 21341
-55821 18559
-82293 27790
37398 61783
28977 83557
8963 79626
-46944 -65034
-99498 -67790
16083 -93295
26510 -32315
15279 48482
12852 -92922
28726 -30326
-814 54912
-82174 -2511
5322 -81104
-45401 -79680
90128 41776
-85652 -80629
-61550 35393
57759 -66201
-81116 59421
-32241 -58334
26007 30254
-63863 -20503
41684 -4225
-4804 8423
60434 31961
-79336 -61074
27636 -37867
-87408 -58385
59412 -90676
-30263 59943
41820 64587
-64636 48596
82755 -1932
-25552 14046
80546 -26320
-47333 67070
-55141 79946
-15465 32276
19266 55789
-61837 -99437
-85823 74004
31679 -86299
54130 14657
28748 18401
26143 64092
-4996 22703
55781 7566
-88374 7181
-93138 94655
-92865 -73771
-74513 13939
10001 -14130
45181 -85708
-77644 -41742
79571 83706
95494 -79583
47287 24289
-78427 -7514
33038 93230
65376 98066
53596 66226
86372 -340
91043 69752
-57733 75939
37872 961
85112 5969
-64117 -67124
-15575 30294
56443 -59747
23517 88760
69193 98549
81240 81346
-33974 2054
16528 -31590
-83527 67146
48675 -83370
66829 -81212
75563 24348
86005 -72388
-40820 97023
-76608 -84058
-50047 14921
53087 29470
2143 -3081
39617 70841
-44656 -22698
-86594 -87251
86939 -62659
-68919 -23812
35844 49722
7096 -57850
92576 -11072
-22192 -60398
69205 -42031
-80649 75140
-38311 18177
-46855 -57344
-40306 -3166
-56753 41518
7484 -45402
27906 51732
93770 8040
-68838 -75579
86366 -73789
87961 -874
99494 -95118
-2213 -55416
742 -28722
