6 33
-738 -68 -954 -113
-960 -728 -668 -624
433 -768 660 502
-198 950 72 -182
63 -342 -284 953
-335 377 -865 355
-793 -542
-755 -995
-60 -932
-393 -582
-141 -647
-507 -340
-464 -301
-191 -436
23 -337
994 -786
865 669
857 556
124 865
466 205
450 442
518 329
641 118
838 -356
605 -206
551 -318
449 -372
203 472
-319 262
42 526
-99 644
-440 497
-774 769
-528 244
-976 936
-878 634
-768 116
-921 -100
-933 -525


3 10
-40 -20 -40 20
-40 30 -40 36
-40 -40 10 -30
-40 -40
-40 -20
-40 0
-40 20
-40 22
-40 100
-20 30
50 -50
-60 0
0 -10

9 4
2 1 1 -1
1 3 5 5
-3 8 1 4
-738 -68 -954 -113
-960 -728 -668 -624
433 -768 660 502
-198 950 72 -182
63 -342 -284 953
-335 377 -865 355
